════════════════════════════════════════════════════════════════════════════════
  MARKET BREADTH SUMMARY — 2026-06-22
════════════════════════════════════════════════════════════════════════════════
  Metric                       Today       D5      D20      D63
────────────────────────────────────────────────────────────────────────────────
  Total                           40    -1693    -1230    -1717
  Leaders                          6     -269     -206     -290
  Contenders                       3     -171     -139     -146
  Laggards                        18     -476     -329     -488
  Weak                            13     -777     -556     -793
  Above 20 SMA                    16     -718     -437     -205
  Above 50 SMA                    15     -585     -475     -218
  Above 200 SMA                   10     -506     -399     -500
  High Volume                      2     -397      -50     -464
  Acc Early                        0      -26      -31     -227
  Acc Progress                     1      -20       -8      -11
  Acc Shift                        0      -34      -20       -7
  Large Total                      4      -57      -41     -109
  Large Leaders                    1       -7       -9      -21
  Mid Total                        2     -116      -81     -274
  Mid Leaders                      2      -21      -13      -59
  Small Total                     34    -1520    -1108    -1333
  Small Leaders                    3     -241     -184     -210
────────────────────────────────────────────────────────────────────────────────
  SECTOR BREADTH
────────────────────────────────────────────────────────────────────────────────
  Sector                      Lead    dL5   dL63   Ab20 dA20_5   Ab50 dA50_5  Ab200 dA200_5   HVol
────────────────────────────────────────────────────────────────────────────────
  Health Technology              0    -14    -18      0    -40      0    -34      0    -26      0
  Non-Energy Minerals            0   -112   -125      3   -242      0   -170      0   -197      1
  Technology Services            0    -19    -21      0    -58      0    -52      0    -31      0
  Process Industries             0     -8     -9      2    -16      3    -17      1    -10      0
  Electronic Technology          0     -6     -5      0    -10      0    -12      0    -13      0
  Energy Minerals                0    -17    -22      0    -25      0    -19      0    -33      0
  Miscellaneous                  1    -14    -11      1    -37      2    -36      2    -32      0
  Consumer Services              0     -6     -7      0    -25      0    -20      0    -11      0
  Consumer Non-Durables          0     -2     -4      0    -10      0     -8      0     -5      0
  Finance                        2    -24    -25      2    -95      3    -77      3    -53      0
  Retail Trade                   1     -3     -3      2    -25      2    -19      1     -5      0
  Industrial Services            0    -10     -9      1    -28      1    -27      1    -27      1
  Commercial Services            1     -8     -9      1    -27      1    -23      1    -17      0
  Consumer Durables              1     -2     -2      2     -6      2     -5      1     -4      0
  Transportation                 0     -3     -3      1    -16      0    -15      0     -8      0
  Health Services                0     -1     -1      1     -7      1     -6      0     -1      0
════════════════════════════════════════════════════════════════════════════════