════════════════════════════════════════════════════════════════════════════════
  US MARKET BREADTH — 2026-06-12
════════════════════════════════════════════════════════════════════════════════

  LAYER 1 — FULL UNIVERSE (1557 tickers)
────────────────────────────────────────────────────────────────────────────────
  Metric                       Today       D5      D20      D63
────────────────────────────────────────────────────────────────────────────────
  Total                         1540       +9       +5       +9
  Leaders                        365       +5      +13      +15
  Contenders                     319      +16      +19      +28
  Laggards                       425      +19      +44      +82
  Weak                           431      -31      -71     -116
  Above 20 SMA                  1103     +246     +568     +770
  Above 50 SMA                  1005     +143     +210     +537
  Above 200 SMA                 1020      +59     +108     +164
  High Volume                     65      -79      -56      -57
  Acc Early                      161      -52     -171     -224
  Acc Progress                    92       +1      +80      +44
  Acc Shift                       88       +5      +45      +74
  Large Total                    508       +5       +2       +6
  Large Leaders                   86       -3       +4       -7
  Mid Total                      581       +2       +2      +22
  Mid Leaders                    168       +2       +4       +7
  Small Total                    450       +2       +1      -20
  Small Leaders                  111       +6       +5      +15

  LAYER 1 SECTOR BREAKDOWN
────────────────────────────────────────────────────────────────────────────────
  Sector                      Lead    dL5   dL63   Ab20 dA20_5   Ab50 dA50_5  Ab200 dA200_5   HVol
────────────────────────────────────────────────────────────────────────────────
  Health Care                   59     +2      0    180    +43    151    +26    153     +5     12
  Financials                    70     +1    +11    239    +45    218    +31    210    +19      9
  Information Technology        47     -1     +3    111    +15    132     -7    113     -4      9
  Consumer Discretionary        34     +4     +4    117    +26    104    +26     85    +14      9
  Real Estate                   22      0      0     74    +11     69     +7     71      0      5
  Industrials                   57     +2     +2    175    +33    149    +11    154    +13     11
  Consumer Staples              14      0     -1     54    +19     46    +12     39     +8      1
  Utilities                     11     -2     -1     38     +2     27    +10     38     -1      0
  Energy                        22     +1      0     31    +19     40    +17     75     +1      1
  Materials                     14     -1     -3     51    +28     39    +10     49     +4      3
  Technology                     3      0     +1      3     -3      4      0      3      0      1
  Communication                  6     -1     -1     19     +4     18     +1     18     +1      3
  Communication Services         6      0      0     11     +4      7     -1     11     -1      1
  Index                          0      0    n/a      0      0      1      0      1      0      0

════════════════════════════════════════════════════════════════════════════════
  LAYER 2 — SP500/NASDAQ QUALITY (~515 tickers with sector+industry)
────────────────────────────────────────────────────────────────────────────────
  Metric                       Today       D5      D20      D63
────────────────────────────────────────────────────────────────────────────────
  Total                          513       +6       +2       +8
  Leaders                         76       -1       +7       -3
  Contenders                     101       +8      +18       -7
  Laggards                       151       +2       +4      +42
  Weak                           185       -3      -27      -24
  Above 20 SMA                   357      +49     +176     +244
  Above 50 SMA                   309      +32      +80     +149
  Above 200 SMA                  309      +13      +43      +58
  High Volume                      7      -45      -29      -22
  Acc Early                       83      -14     -109     -132
  Large Leaders                   74       -3       +5       -5
  Mid Leaders                      2       +2       +2       +2
  Small Leaders                    0        0        0        0

  LAYER 2 SECTOR BREAKDOWN
────────────────────────────────────────────────────────────────────────────────
  Sector                      Lead    dL5   dL63   Ab20 dA20_5   Ab50 dA50_5  Ab200 dA200_5   HVol
────────────────────────────────────────────────────────────────────────────────
  Health Care                    0      0     -2     48     -1     37     +1     32     -1      0
  Information Technology        12     -2     -3     32     -6     44     -8     42     -4      4
  Consumer Discretionary         8      0     +2     37     +7     28     +8     22     +4      1
  Financials                    16      0      0     58    +12     53     +8     39     +3      0
  Consumer Staples               5     +1     -1     31    +14     26     +7     22     +6      0
  Industrials                    9      0     -3     60     +8     50     +5     51     +3      0
  Utilities                      8      0     +1     25     +2     15     +5     24     +1      0
  Materials                      3      0     +1     20     +8     14     +6     16     +1      0
  Real Estate                    5     +1     +1     27     +4     25     +3     27     +1      0
  Energy                         1     -1      0      5      0      5     -2     19      0      0
  Technology                     3      0     +1      3     -3      4      0      3      0      1
  Communication Services         6      0      0     11     +4      7     -1     11     -1      1
  Index                          0      0    n/a      0      0      1      0      1      0      0

════════════════════════════════════════════════════════════════════════════════
  LAYER 3 — RUSSELL PROXY (~1042 tickers, no industry)
────────────────────────────────────────────────────────────────────────────────
  Metric                       Today       D5      D20      D63
────────────────────────────────────────────────────────────────────────────────
  Total                         1027       +3       +3       +1
  Leaders                        289       +6       +6      +18
  Contenders                     218       +8       +1      +35
  Laggards                       274      +17      +40      +40
  Weak                           246      -28      -44      -92
  Above 20 SMA                   746     +197     +392     +526
  Above 50 SMA                   696     +111     +130     +388
  Above 200 SMA                  711      +46      +65     +106
  High Volume                     58      -34      -27      -35
  Acc Early                       78      -38      -62      -92
  Large Leaders                   12        0       -1       -2
  Mid Leaders                    166        0       +2       +5
  Small Leaders                  111       +6       +5      +15

  LAYER 3 SECTOR BREAKDOWN
────────────────────────────────────────────────────────────────────────────────
  Sector                      Lead    dL5   dL63   Ab20 dA20_5   Ab50 dA50_5  Ab200 dA200_5   HVol
────────────────────────────────────────────────────────────────────────────────
  Communication                  6     -1     -1     19     +4     18     +1     18     +1      3
  Consumer Discretionary        26     +4     +2     80    +19     76    +18     63    +10      8
  Consumer Staples               9     -1      0     23     +5     20     +5     17     +2      1
  Energy                        21     +2      0     26    +19     35    +19     56     +1      1
  Financials                    54     +1    +11    181    +33    165    +23    171    +16      9
  Health Care                   59     +2     +2    132    +44    114    +25    121     +6     12
  Industrials                   48     +2     +5    115    +25     99     +6    103    +10     11
  Information Technology        35     +1     +6     79    +21     88     +1     71      0      5
  Materials                     11     -1     -4     31    +20     25     +4     33     +3      3
  Real Estate                   17     -1     -1     47     +7     44     +4     44     -1      5
  Utilities                      3     -2     -2     13      0     12     +5     14     -2      0
════════════════════════════════════════════════════════════════════════════════