════════════════════════════════════════════════════════════════════════════════
  US MARKET BREADTH — 2026-04-28
════════════════════════════════════════════════════════════════════════════════

  LAYER 1 — FULL UNIVERSE (1557 tickers)
────────────────────────────────────────────────────────────────────────────────
  Metric                       Today       D5      D20      D63
────────────────────────────────────────────────────────────────────────────────
  Total                         1536       -7       -3       +5
  Leaders                        363       +1      +19      -17
  Contenders                     316      -10      +31      -35
  Laggards                       429       -2      +63      -11
  Weak                           428       +4     -116      +68
  Above 20 SMA                  1022     -175     +286      +90
  Above 50 SMA                  1034      -39     +547      -25
  Above 200 SMA                 1014      -18     +164     -119
  High Volume                    107       +3      -89      -29
  Acc Early                      188      +84     -165      +29
  Acc Progress                    56      -42      -42      +38
  Acc Shift                       97      -54      +77      +26
  Large Total                    500       -7       -6       -2
  Large Leaders                   85       -6       -1      -22
  Mid Total                      585       +2      +22      +26
  Mid Leaders                    166       +2      +16       -4
  Small Total                    451       -2      -19      -19
  Small Leaders                  112       +5       +4       +9

  LAYER 1 SECTOR BREAKDOWN
────────────────────────────────────────────────────────────────────────────────
  Sector                      Lead    dL5   dL63   Ab20 dA20_5   Ab50 dA50_5  Ab200 dA200_5   HVol
────────────────────────────────────────────────────────────────────────────────
  Health Care                   60     -2     -4    114    -68    122    -31    146    -15     27
  Financials                    69     +1     +3    239    -28    255     -5    222     +6     13
  Information Technology        48     +1     +1    142    -36    138    -17    105     -2     26
  Consumer Discretionary        33     -1     -4     86    -46     88    -22     75    -13     11
  Real Estate                   21     +1     -1     79     -1     78     +9     67     +6      7
  Industrials                   54     +1     -5    155    -40    139      0    146     -3     14
  Consumer Staples              14     -1     -2     38     +9     29     +6     36     +3      2
  Utilities                     10     -1     -3     27    +15     33    +15     45     +2      1
  Energy                        22     +1     -1     70    +42     72    +16     86     +2      1
  Materials                     16     -1     -2     35    -13     41     -3     53     -3      1
  Technology                     3     +1     +1      5     -2      3     -2      3     +1      1
  Communication                  7      0      0     18     -4     24     -1     19     -1      1
  Communication Services         6     +1      0     13     -3     11     -4     10     -1      2
  Index                          0      0    n/a      1      0      1      0      1      0      0

════════════════════════════════════════════════════════════════════════════════
  LAYER 2 — SP500/NASDAQ QUALITY (~515 tickers with sector+industry)
────────────────────────────────────────────────────────────────────────────────
  Metric                       Today       D5      D20      D63
────────────────────────────────────────────────────────────────────────────────
  Total                          504       -7       -5       -1
  Leaders                         71       -4       -2      -19
  Contenders                      88       -3       -1      -30
  Laggards                       154       +3      +29       +7
  Weak                           191       -3      -31      +41
  Above 20 SMA                   283      -74      +94      -11
  Above 50 SMA                   262      -34     +139      -75
  Above 200 SMA                  285       -6      +44      -58
  High Volume                     28        0      -25      -20
  Acc Early                      135      +62      -71      +44
  Large Leaders                   70       -5       -3      -20
  Mid Leaders                      1       +1       +1       +1
  Small Leaders                    0        0        0        0

  LAYER 2 SECTOR BREAKDOWN
────────────────────────────────────────────────────────────────────────────────
  Sector                      Lead    dL5   dL63   Ab20 dA20_5   Ab50 dA50_5  Ab200 dA200_5   HVol
────────────────────────────────────────────────────────────────────────────────
  Health Care                    0      0     -2     14    -19     10    -17     24     -5      3
  Information Technology        14     -1      0     49    -17     45    -10     35     -2      4
  Consumer Discretionary         8     -1     -4     19    -22     20    -12     22     -4      4
  Financials                    14     -2     -6     55    -15     56     -9     40     -1      2
  Consumer Staples               4     -1     -3     19     +5     12     +4     17     +2      2
  Industrials                    8     -1     -5     42    -22     36     -6     48     -1      5
  Utilities                      5     -1     -1     14    +13     16    +11     25      0      1
  Materials                      2      0     -1      8     -8     11     -2     17     -1      1
  Real Estate                    7     +1     +2     28     +1     26     +6     22     +6      3
  Energy                         0      0      0     16    +15     15     +7     21      0      0
  Technology                     3     +1     +1      5     -2      3     -2      3     +1      1
  Communication Services         6     +1      0     13     -3     11     -4     10     -1      2
  Index                          0      0    n/a      1      0      1      0      1      0      0

════════════════════════════════════════════════════════════════════════════════
  LAYER 3 — RUSSELL PROXY (~1042 tickers, no industry)
────────────────────────────────────────────────────────────────────────────────
  Metric                       Today       D5      D20      D63
────────────────────────────────────────────────────────────────────────────────
  Total                         1032        0       +2       +6
  Leaders                        292       +5      +21       +2
  Contenders                     228       -7      +32       -5
  Laggards                       275       -5      +34      -18
  Weak                           237       +7      -85      +27
  Above 20 SMA                   739     -101     +192     +101
  Above 50 SMA                   772       -5     +408      +50
  Above 200 SMA                  729      -12     +120      -61
  High Volume                     79       +3      -64       -9
  Acc Early                       53      +22      -94      -15
  Large Leaders                   15       -1       +2       -2
  Mid Leaders                    165       +1      +15       -5
  Small Leaders                  112       +5       +4       +9

  LAYER 3 SECTOR BREAKDOWN
────────────────────────────────────────────────────────────────────────────────
  Sector                      Lead    dL5   dL63   Ab20 dA20_5   Ab50 dA50_5  Ab200 dA200_5   HVol
────────────────────────────────────────────────────────────────────────────────
  Communication                  7      0      0     18     -4     24     -1     19     -1      1
  Consumer Discretionary        25      0      0     67    -24     68    -10     53     -9      7
  Consumer Staples              10      0     +1     19     +4     17     +2     19     +1      0
  Energy                        22     +1     -1     54    +27     57     +9     65     +2      1
  Financials                    55     +3     +9    184    -13    199     +4    182     +7     11
  Health Care                   60     -2     -2    100    -49    112    -14    122    -10     24
  Industrials                   46     +2      0    113    -18    103     +6     98     -2      9
  Information Technology        34     +2     +1     93    -19     93     -7     70      0     22
  Materials                     14     -1     -1     27     -5     30     -1     36     -2      0
  Real Estate                   14      0     -3     51     -2     52     +3     45      0      4
  Utilities                      5      0     -2     13     +2     17     +4     20     +2      0
════════════════════════════════════════════════════════════════════════════════