════════════════════════════════════════════════════════════════════════════════
  US MARKET BREADTH — 2026-06-18
════════════════════════════════════════════════════════════════════════════════

  LAYER 1 — FULL UNIVERSE (1557 tickers)
────────────────────────────────────────────────────────────────────────────────
  Metric                       Today       D5      D20      D63
────────────────────────────────────────────────────────────────────────────────
  Total                         1548      +23      +15      +19
  Leaders                        368      +11      +17      +13
  Contenders                     330       +7      +25      +54
  Laggards                       406       -4      -15      +72
  Weak                           444       +9      -12     -120
  Above 20 SMA                   947      -62     +151     +595
  Above 50 SMA                   952      +10      +14     +505
  Above 200 SMA                 1024      +22      +60     +196
  High Volume                   1046     +897     +943     +895
  Acc Early                      216      +35      -32     -193
  Acc Progress                    50      -39       +7      +14
  Acc Shift                       76       -1        0      +56
  Large Total                    509       +6       +7       +4
  Large Leaders                   83        0       -6      -12
  Mid Total                      584       +8        0      +33
  Mid Leaders                    170       +7       +5      +12
  Small Total                    454       +9       +8      -19
  Small Leaders                  115       +4      +18      +13

  LAYER 1 SECTOR BREAKDOWN
────────────────────────────────────────────────────────────────────────────────
  Sector                      Lead    dL5   dL63   Ab20 dA20_5   Ab50 dA50_5  Ab200 dA200_5   HVol
────────────────────────────────────────────────────────────────────────────────
  Health Care                   61     +4     +1    174     +8    160    +21    165    +15    163
  Financials                    71     +3    +11    222     +5    205     +3    204     +3    224
  Information Technology        49     +1     +3     98    -14    125     -9    121     +4    110
  Consumer Discretionary        34     +2     +4    104    -11    103     -2     84     +1     94
  Real Estate                   21     +1      0     42    -27     52    -12     68     -1     64
  Industrials                   57     +1     -2    163     -2    169    +22    156     +7    153
  Consumer Staples              14      0     -1     32    -14     39     -6     36     -2     46
  Utilities                     13     +2      0     32     +2     16      0     38     +1     40
  Energy                        20     -2     -2     14     -6     14    -13     68     -7     65
  Materials                     13     -1     -1     41     -1     43     +9     54     +5     46
  Technology                     3      0     +1      3     -1      3     -1      3      0      5
  Communication                  6      0     -1     17     +1     15     -1     17      0     15
  Communication Services         6      0      0      4     -3      7     -1      9     -4     21
  Index                          0      0      0      1     +1      1      0      1      0      0

════════════════════════════════════════════════════════════════════════════════
  LAYER 2 — SP500/NASDAQ QUALITY (~515 tickers with sector+industry)
────────────────────────────────────────────────────────────────────────────────
  Metric                       Today       D5      D20      D63
────────────────────────────────────────────────────────────────────────────────
  Total                          514       +5       +7       +8
  Leaders                         73        0       -2       -8
  Contenders                     108       +8      +28       +5
  Laggards                       140      -12      -24      +34
  Weak                           193       +9       +5      -23
  Above 20 SMA                   259      -66       -7     +160
  Above 50 SMA                   285       -4       +3     +144
  Above 200 SMA                  307        0      +18      +65
  High Volume                    396     +370     +368     +365
  Acc Early                      132      +39       +2      -96
  Large Leaders                   72       -1       -3       -9
  Mid Leaders                      1       +1       +1       +1
  Small Leaders                    0        0        0        0

  LAYER 2 SECTOR BREAKDOWN
────────────────────────────────────────────────────────────────────────────────
  Sector                      Lead    dL5   dL63   Ab20 dA20_5   Ab50 dA50_5  Ab200 dA200_5   HVol
────────────────────────────────────────────────────────────────────────────────
  Health Care                    1     +1      0     23    -23     30     -4     30     -1     46
  Information Technology        14     -1     -1     29     -3     42     -2     42     -1     56
  Consumer Discretionary         7      0     -1     30     -5     31     +3     24     +4     36
  Financials                    16     +1      0     49     -1     47     +1     39     +1     59
  Consumer Staples               5      0     -1     15    -12     22     -4     19     -2     26
  Industrials                    9      0     -4     52     -6     53     +5     53     +1     59
  Utilities                      6      0     -2     23     +2     13     +4     25     +2     23
  Materials                      3      0     +1     18     +1     17     +5     20     +4     21
  Real Estate                    3     -1      0     11    -14     17     -6     23     -4     24
  Energy                         0      0     -1      1     -2      2     -4     19      0     20
  Technology                     3      0     +1      3     -1      3     -1      3      0      5
  Communication Services         6      0      0      4     -3      7     -1      9     -4     21
  Index                          0      0      0      1     +1      1      0      1      0      0

════════════════════════════════════════════════════════════════════════════════
  LAYER 3 — RUSSELL PROXY (~1042 tickers, no industry)
────────────────────────────────────────────────────────────────────────────────
  Metric                       Today       D5      D20      D63
────────────────────────────────────────────────────────────────────────────────
  Total                         1034      +18       +8      +11
  Leaders                        295      +11      +19      +21
  Contenders                     222       -1       -3      +49
  Laggards                       266       +8       +9      +38
  Weak                           251        0      -17      -97
  Above 20 SMA                   688       +4     +158     +435
  Above 50 SMA                   667      +14      +11     +361
  Above 200 SMA                  717      +22      +42     +131
  High Volume                    650     +527     +575     +530
  Acc Early                       84       -4      -34      -97
  Large Leaders                   11       +1       -3       -3
  Mid Leaders                    169       +6       +4      +11
  Small Leaders                  115       +4      +18      +13

  LAYER 3 SECTOR BREAKDOWN
────────────────────────────────────────────────────────────────────────────────
  Sector                      Lead    dL5   dL63   Ab20 dA20_5   Ab50 dA50_5  Ab200 dA200_5   HVol
────────────────────────────────────────────────────────────────────────────────
  Communication                  6      0     -1     17     +1     15     -1     17      0     15
  Consumer Discretionary        27     +2     +5     74     -6     72     -5     60     -3     58
  Consumer Staples               9      0      0     17     -2     17     -2     17      0     20
  Energy                        20     -2     -1     13     -4     12     -9     49     -7     45
  Financials                    55     +2    +11    173     +6    158     +2    165     +2    165
  Health Care                   60     +3     +1    151    +31    130    +25    135    +16    117
  Industrials                   48     +1     +2    111     +4    116    +17    103     +6     94
  Information Technology        35     +2     +4     69    -11     83     -7     79     +5     54
  Materials                     10     -1     -2     23     -2     26     +4     34     +1     25
  Real Estate                   18     +2      0     31    -13     35     -6     45     +3     40
  Utilities                      7     +2     +2      9      0      3     -4     13     -1     17
════════════════════════════════════════════════════════════════════════════════