════════════════════════════════════════════════════════════════════════════════
  US MARKET BREADTH — 2026-05-27
════════════════════════════════════════════════════════════════════════════════

  LAYER 1 — FULL UNIVERSE (1557 tickers)
────────────────────────────────────────────────────────────────────────────────
  Metric                       Today       D5      D20      D63
────────────────────────────────────────────────────────────────────────────────
  Total                         1554      +58      +13      +23
  Leaders                        363      +27      +10      -10
  Contenders                     320      +21       +4      -24
  Laggards                       432      +21      +12      +28
  Weak                           439      -11      -13      +29
  Above 20 SMA                   948     +230     +117     +126
  Above 50 SMA                   992      +88      +35      +46
  Above 200 SMA                 1017      +87      +34      -52
  High Volume                     97      +46      -67     -132
  Acc Early                      211      -46      -28      +17
  Acc Progress                    59      +19      +18       +8
  Acc Shift                       85      +15       +8      +40
  Large Total                    509      +13       +1       +7
  Large Leaders                   87       +3       +4      -17
  Mid Total                      588      +18       +3      +29
  Mid Leaders                    165       +7       +2       -2
  Small Total                    456      +27       +8      -14
  Small Leaders                  111      +17       +4       +9

  LAYER 1 SECTOR BREAKDOWN
────────────────────────────────────────────────────────────────────────────────
  Sector                      Lead    dL5   dL63   Ab20 dA20_5   Ab50 dA50_5  Ab200 dA200_5   HVol
────────────────────────────────────────────────────────────────────────────────
  Health Care                   62     +5     -1    142    +21    140    +16    161    +15     18
  Financials                    67     +3     +1    181    +23    207     -7    198      0      7
  Information Technology        49     +3     +4    146    +30    151     +8    125    +16     25
  Consumer Discretionary        33     +6     -3    103    +60     87    +26     74    +11     10
  Real Estate                   21     +2     -1     68    +10     76     +8     71     +7      4
  Industrials                   55      0     -3    151    +70    165    +34    149    +19     17
  Consumer Staples              13      0     -3     39     +5     35     +7     35      0      4
  Utilities                     10     +1     -3     35    +18     26     +9     42     +5      2
  Energy                        21     +3     -1     13    -39     32    -29     80     +5      1
  Materials                     16     +1     -2     38    +26     38    +12     51     +7      3
  Technology                     3     +1     +2      4     -2      4     -1      3      0      3
  Communication                  7     +1      0     17     +8     17     +4     16     +1      2
  Communication Services         6     +1      0     10      0     13     +1     11     +1      1
  Index                          0      0    n/a      1      0      1      0      1      0      0

════════════════════════════════════════════════════════════════════════════════
  LAYER 2 — SP500/NASDAQ QUALITY (~515 tickers with sector+industry)
────────────────────────────────────────────────────────────────────────────────
  Metric                       Today       D5      D20      D63
────────────────────────────────────────────────────────────────────────────────
  Total                          514      +14       +3       +9
  Leaders                         74       +3       +4      -16
  Contenders                      88       +5       -9      -30
  Laggards                       164      +10      +14      +31
  Weak                           188       -4       -6      +24
  Above 20 SMA                   288      +46      +38       -5
  Above 50 SMA                   287      +22      +35      -27
  Above 200 SMA                  297      +18      +12      -30
  High Volume                     25       +5      -29      -25
  Acc Early                      126      -11      -26      +14
  Large Leaders                   74       +3       +5      -16
  Mid Leaders                      0        0       -1        0
  Small Leaders                    0        0        0        0

  LAYER 2 SECTOR BREAKDOWN
────────────────────────────────────────────────────────────────────────────────
  Sector                      Lead    dL5   dL63   Ab20 dA20_5   Ab50 dA50_5  Ab200 dA200_5   HVol
────────────────────────────────────────────────────────────────────────────────
  Health Care                    1      0     -1     33     -1     24     +1     31     +1      5
  Information Technology        12     -1     -3     54     +3     55     +1     45     +4      5
  Consumer Discretionary         8     +1      0     29    +16     23    +10     19     +2      5
  Financials                    16     +1     -6     35      0     43     -9     35     -5      3
  Consumer Staples               4     -1     -4     24     +2     20     +3     19     -1      1
  Industrials                    9     -1     -4     38    +15     46     +9     47     +6      1
  Utilities                      6      0     -2     22    +14     13     +6     25     +4      0
  Materials                      3     +1      0     12     +9     11     +5     16     +1      1
  Real Estate                    5     +1     +1     24     +4     27     +2     25     +3      0
  Energy                         1      0     +1      2    -14      7     -6     20     +2      0
  Technology                     3     +1     +2      4     -2      4     -1      3      0      3
  Communication Services         6     +1      0     10      0     13     +1     11     +1      1
  Index                          0      0    n/a      1      0      1      0      1      0      0

════════════════════════════════════════════════════════════════════════════════
  LAYER 3 — RUSSELL PROXY (~1042 tickers, no industry)
────────────────────────────────────────────────────────────────────────────────
  Metric                       Today       D5      D20      D63
────────────────────────────────────────────────────────────────────────────────
  Total                         1040      +44      +10      +14
  Leaders                        289      +24       +6       +6
  Contenders                     232      +16      +13       +6
  Laggards                       268      +11       -2       -3
  Weak                           251       -7       -7       +5
  Above 20 SMA                   660     +184      +79     +131
  Above 50 SMA                   705      +66        0      +73
  Above 200 SMA                  720      +69      +22      -22
  High Volume                     72      +41      -38     -107
  Acc Early                       85      -35       -2       +3
  Large Leaders                   13        0       -1       -1
  Mid Leaders                    165       +7       +3       -2
  Small Leaders                  111      +17       +4       +9

  LAYER 3 SECTOR BREAKDOWN
────────────────────────────────────────────────────────────────────────────────
  Sector                      Lead    dL5   dL63   Ab20 dA20_5   Ab50 dA50_5  Ab200 dA200_5   HVol
────────────────────────────────────────────────────────────────────────────────
  Communication                  7     +1      0     17     +8     17     +4     16     +1      2
  Consumer Discretionary        25     +5     -3     74    +44     64    +16     55     +9      5
  Consumer Staples               9     +1     +1     15     +3     15     +4     16     +1      3
  Energy                        20     +3     -2     11    -25     25    -23     60     +3      1
  Financials                    51     +2     +7    146    +23    164     +2    163     +5      4
  Health Care                   61     +5      0    109    +22    116    +15    130    +14     13
  Industrials                   46     +1     +1    113    +55    119    +25    102    +13     16
  Information Technology        37     +4     +7     92    +27     96     +7     80    +12     20
  Materials                     13      0     -2     26    +17     27     +7     35     +6      2
  Real Estate                   16     +1     -2     44     +6     49     +6     46     +4      4
  Utilities                      4     +1     -1     13     +4     13     +3     17     +1      2
════════════════════════════════════════════════════════════════════════════════