════════════════════════════════════════════════════════════════════════════════
  US MARKET BREADTH — 2026-04-23
════════════════════════════════════════════════════════════════════════════════

  LAYER 1 — FULL UNIVERSE (1557 tickers)
────────────────────────────────────────────────────────────────────────────────
  Metric                       Today       D5      D20      D63
────────────────────────────────────────────────────────────────────────────────
  Total                         1543      +17      +10      +12
  Leaders                        359       +7      +17      -18
  Contenders                     331      +12      +55      -30
  Laggards                       426      +25      +56      -40
  Weak                           427      -27     -118     +100
  Above 20 SMA                  1125     -126     +577       +9
  Above 50 SMA                  1055      +61     +604     -104
  Above 200 SMA                 1031      +54     +195     -142
  High Volume                    131      +29      +40      -63
  Acc Early                      146      +53     -249      +20
  Acc Progress                    85      -59      +25      +63
  Acc Shift                      116      -23      +99      +37
  Large Total                    507       +4       -1       +5
  Large Leaders                   88       -3       +3      -12
  Mid Total                      583       +4      +27      +24
  Mid Leaders                    157       -4       +3      -17
  Small Total                    453       +9      -16      -17
  Small Leaders                  114      +14      +11      +11

  LAYER 1 SECTOR BREAKDOWN
────────────────────────────────────────────────────────────────────────────────
  Sector                      Lead    dL5   dL63   Ab20 dA20_5   Ab50 dA50_5  Ab200 dA200_5   HVol
────────────────────────────────────────────────────────────────────────────────
  Health Care                   61      0     -3    154    -38    141     -2    156     -2     17
  Financials                    68     +2     +1    249    -28    252     +2    214     +8     22
  Information Technology        48     +1     +2    146    -21    138      0    104     +5     27
  Consumer Discretionary        30      0     -7    114    -13     94    +16     79     +9     11
  Real Estate                   20     -1     -1     76     -8     70      0     62     +3      5
  Industrials                   54     +3     -5    183    -12    149    +30    155    +14     28
  Consumer Staples              15     +1     -1     42    +13     28    +13     38     +7      1
  Utilities                     11     +1     -1     31     -6     33     -3     46     +2      4
  Energy                        21     +1     -1     46     +9     66     +6     84     +2      7
  Materials                     17     -1     -1     42    -14     40     +2     58     +6      5
  Technology                     2     -1      0      6     -2      4     -3      2     -1      1
  Communication                  7     +1      0     20     -2     25     +2     20     +2      2
  Communication Services         5      0     -1     15     -4     14     -2     12     -1      1
  Index                          0      0    n/a      1      0      1      0      1      0      0

════════════════════════════════════════════════════════════════════════════════
  LAYER 2 — SP500/NASDAQ QUALITY (~515 tickers with sector+industry)
────────────────────────────────────────────────────────────────────────────────
  Metric                       Today       D5      D20      D63
────────────────────────────────────────────────────────────────────────────────
  Total                          511       +5        0       +6
  Leaders                         72       -3       -1      -11
  Contenders                      99       +8       +6      -21
  Laggards                       151      +10      +27       -4
  Weak                           189      -10      -32      +42
  Above 20 SMA                   340      -41     +241      +28
  Above 50 SMA                   284      +14     +172      -62
  Above 200 SMA                  294      +15      +55      -54
  High Volume                     49      +32      +37       -7
  Acc Early                      102      +39     -137      +15
  Large Leaders                   72       -3       -1      -11
  Mid Leaders                      0        0        0        0
  Small Leaders                    0        0        0        0

  LAYER 2 SECTOR BREAKDOWN
────────────────────────────────────────────────────────────────────────────────
  Sector                      Lead    dL5   dL63   Ab20 dA20_5   Ab50 dA50_5  Ab200 dA200_5   HVol
────────────────────────────────────────────────────────────────────────────────
  Health Care                    0      0     -1     24     -8     18      0     27     +1      6
  Information Technology        14     -3      0     52     -8     48     -1     34     +1     13
  Consumer Discretionary         8     +1     -4     35     -7     28     +5     24     +3      4
  Financials                    15      0     -2     64     -5     58     -2     39     +1      2
  Consumer Staples               5     +1     -2     25     +9     10     +6     19     +3      1
  Industrials                    9      0     -3     56     -4     42    +13     52     +3     15
  Utilities                      6      0     +1     14     -7     14     -6     27      0      2
  Materials                      2      0      0     15     -5     12      0     19     +3      3
  Real Estate                    6     -1     +2     27     -4     22     +1     17      0      1
  Energy                         0      0     -1      6     +4     13     +3     21     +2      0
  Technology                     2     -1      0      6     -2      4     -3      2     -1      1
  Communication Services         5      0     -1     15     -4     14     -2     12     -1      1
  Index                          0      0    n/a      1      0      1      0      1      0      0

════════════════════════════════════════════════════════════════════════════════
  LAYER 3 — RUSSELL PROXY (~1042 tickers, no industry)
────────────────────────────────────────────────────────────────────────────────
  Metric                       Today       D5      D20      D63
────────────────────────────────────────────────────────────────────────────────
  Total                         1032      +12      +10       +6
  Leaders                        287      +10      +18       -7
  Contenders                     232       +4      +49       -9
  Laggards                       275      +15      +29      -36
  Weak                           238      -17      -86      +58
  Above 20 SMA                   785      -85     +336      -19
  Above 50 SMA                   771      +47     +432      -42
  Above 200 SMA                  737      +39     +140      -88
  High Volume                     82       -3       +3      -56
  Acc Early                       44      +14     -112       +5
  Large Leaders                   16        0       +4       -1
  Mid Leaders                    157       -4       +3      -17
  Small Leaders                  114      +14      +11      +11

  LAYER 3 SECTOR BREAKDOWN
────────────────────────────────────────────────────────────────────────────────
  Sector                      Lead    dL5   dL63   Ab20 dA20_5   Ab50 dA50_5  Ab200 dA200_5   HVol
────────────────────────────────────────────────────────────────────────────────
  Communication                  7     +1      0     20     -2     25     +2     20     +2      2
  Consumer Discretionary        22     -1     -3     79     -6     66    +11     55     +6      7
  Consumer Staples              10      0     +1     17     +4     18     +7     19     +4      0
  Energy                        21     +1      0     40     +5     53     +3     63      0      7
  Financials                    53     +2     +3    185    -23    194     +4    175     +7     20
  Health Care                   61      0     -2    130    -30    123     -2    129     -3     11
  Industrials                   45     +3     -2    127     -8    107    +17    103    +11     13
  Information Technology        34     +4     +2     94    -13     90     +1     70     +4     14
  Materials                     15     -1     -1     27     -9     28     +2     39     +3      2
  Real Estate                   14      0     -3     49     -4     48     -1     45     +3      4
  Utilities                      5     +1     -2     17     +1     19     +3     19     +2      2
════════════════════════════════════════════════════════════════════════════════