════════════════════════════════════════════════════════════════════════════════
  US MARKET BREADTH — 2026-05-13
════════════════════════════════════════════════════════════════════════════════

  LAYER 1 — FULL UNIVERSE (1557 tickers)
────────────────────────────────────────────────────────────────────────────────
  Metric                       Today       D5      D20      D63
────────────────────────────────────────────────────────────────────────────────
  Total                         1536       +5       +4       +5
  Leaders                        356       -6       -1      -21
  Contenders                     302      -18      -17      -49
  Laggards                       402      -35       +2      -33
  Weak                           476      +64      +20     +108
  Above 20 SMA                   647     -304     -607     -308
  Above 50 SMA                   865     -199     -129     -155
  Above 200 SMA                  946      -85      -36     -176
  High Volume                    135     -130      +44     -134
  Acc Early                      320     +113     +221     +118
  Acc Progress                    12      -16     -133       -6
  Acc Shift                       52      -44      -77       +4
  Large Total                    503       -1       -1       +1
  Large Leaders                   78       -9      -16      -23
  Mid Total                      583       +2        0      +24
  Mid Leaders                    170       +4       +6       +2
  Small Total                    449       +3       +4      -21
  Small Leaders                  108       -1       +9        0

  LAYER 1 SECTOR BREAKDOWN
────────────────────────────────────────────────────────────────────────────────
  Sector                      Lead    dL5   dL63   Ab20 dA20_5   Ab50 dA50_5  Ab200 dA200_5   HVol
────────────────────────────────────────────────────────────────────────────────
  Health Care                   60     +1     -4    122    -29    142    -20    152     -8     36
  Financials                    66     -2     -2     68   -114    174    -51    195    -15     10
  Information Technology        47     -1     +2    113    -35    126    -21    108     -7     30
  Consumer Discretionary        30     -2     -7     34    -34     49    -43     55    -17     18
  Real Estate                   20      0     -2     42    -28     66    -12     67     -3      2
  Industrials                   52     -5     -7    109    -47    133    -30    133    -21     25
  Consumer Staples              14     +1     -2     29     -6     28     -5     32     -4      1
  Utilities                     12     +3      0     14     +4     16     -1     39     -1      4
  Energy                        22     -1      0     50      0     54     -2     81     -2      1
  Materials                     18      0      0     42     -2     46     -3     54     -4      3
  Technology                     2     -1     +1      6     -2      5     -1      3      0      2
  Communication                  7      0      0      7     -9     15     -8     16     -4      2
  Communication Services         6     +1      0     10     -2     10     -2     10     +1      1
  Index                          0      0    n/a      1      0      1      0      1      0      0

════════════════════════════════════════════════════════════════════════════════
  LAYER 2 — SP500/NASDAQ QUALITY (~515 tickers with sector+industry)
────────────────────────────────────────────────────────────────────────────────
  Metric                       Today       D5      D20      D63
────────────────────────────────────────────────────────────────────────────────
  Total                          510       +3       +2       +5
  Leaders                         66       -7      -12      -19
  Contenders                      88       +3       -3      -40
  Laggards                       151      -10      +14       +5
  Weak                           205      +17       +3      +59
  Above 20 SMA                   210      -57     -161     -123
  Above 50 SMA                   232      -51      -35     -100
  Above 200 SMA                  273      -15       -6      -73
  High Volume                     34      -34      +14      -71
  Acc Early                      189      +54     +119      +75
  Large Leaders                   66       -7      -12      -19
  Mid Leaders                      0        0        0        0
  Small Leaders                    0        0        0        0

  LAYER 2 SECTOR BREAKDOWN
────────────────────────────────────────────────────────────────────────────────
  Sector                      Lead    dL5   dL63   Ab20 dA20_5   Ab50 dA50_5  Ab200 dA200_5   HVol
────────────────────────────────────────────────────────────────────────────────
  Health Care                    1     +1     -1     23      0     19     -2     26     -2     11
  Information Technology        14     +1     -1     45     -6     47     -3     40     +2     10
  Consumer Discretionary         6     -3     -3      4    -13      7    -16     13     -6      3
  Financials                    12     -4     -9     26    -10     35    -11     38     -1      1
  Consumer Staples               4     +1     -3     17     -3     15     -2     16     -2      0
  Industrials                    8     -1     -4     30    -15     38     -7     45     -3      2
  Utilities                      7     +2     +2      7     +2      7      0     23      0      3
  Materials                      2      0      0     14      0     14     -3     15     -3      1
  Real Estate                    4     -3     -1     14    -13     23     -5     22     -1      0
  Energy                         0     -1      0     13     +5     11     +1     21      0      0
  Technology                     2     -1     +1      6     -2      5     -1      3      0      2
  Communication Services         6     +1      0     10     -2     10     -2     10     +1      1
  Index                          0      0    n/a      1      0      1      0      1      0      0

════════════════════════════════════════════════════════════════════════════════
  LAYER 3 — RUSSELL PROXY (~1042 tickers, no industry)
────────────────────────────────────────────────────────────────────────────────
  Metric                       Today       D5      D20      D63
────────────────────────────────────────────────────────────────────────────────
  Total                         1026       +2       +2        0
  Leaders                        290       +1      +11       -2
  Contenders                     214      -21      -14       -9
  Laggards                       251      -25      -12      -38
  Weak                           271      +47      +17      +49
  Above 20 SMA                   437     -247     -446     -185
  Above 50 SMA                   633     -148      -94      -55
  Above 200 SMA                  673      -70      -30     -103
  High Volume                    101      -96      +30      -63
  Acc Early                      131      +59     +102      +43
  Large Leaders                   12       -2       -4       -4
  Mid Leaders                    170       +4       +6       +2
  Small Leaders                  108       -1       +9        0

  LAYER 3 SECTOR BREAKDOWN
────────────────────────────────────────────────────────────────────────────────
  Sector                      Lead    dL5   dL63   Ab20 dA20_5   Ab50 dA50_5  Ab200 dA200_5   HVol
────────────────────────────────────────────────────────────────────────────────
  Communication                  7      0      0      7     -9     15     -8     16     -4      2
  Consumer Discretionary        24     +1     -4     30    -21     42    -27     42    -11     15
  Consumer Staples              10      0     +1     12     -3     13     -3     16     -2      1
  Energy                        22      0      0     37     -5     43     -3     60     -2      1
  Financials                    54     +2     +7     42   -104    139    -40    157    -14      9
  Health Care                   59      0     -3     99    -29    123    -18    126     -6     25
  Industrials                   44     -4     -3     79    -32     95    -23     88    -18     23
  Information Technology        33     -2     +3     68    -29     79    -18     68     -9     20
  Materials                     16      0      0     28     -2     32      0     39     -1      2
  Real Estate                   16     +3     -1     28    -15     43     -7     45     -2      2
  Utilities                      5     +1     -2      7     +2      9     -1     16     -1      1
════════════════════════════════════════════════════════════════════════════════