════════════════════════════════════════════════════════════════════════════════
  US MARKET BREADTH — 2026-04-17
════════════════════════════════════════════════════════════════════════════════

  LAYER 1 — FULL UNIVERSE (1557 tickers)
────────────────────────────────────────────────────────────────────────────────
  Metric                       Today       D5      D20      D63
────────────────────────────────────────────────────────────────────────────────
  Total                         1537       +2       +2       +6
  Leaders                        360      +12      +16      -18
  Contenders                     329      +13      +75      -27
  Laggards                       448      +45      +92       -3
  Weak                           400      -68     -181      +54
  Above 20 SMA                  1322     +185    +1086     +233
  Above 50 SMA                  1114     +247     +776      -44
  Above 200 SMA                 1054      +95     +274      -96
  High Volume                    153      +94     -935      -48
  Acc Early                       57     -134     -405      -65
  Acc Progress                   114      -23      +81      +85
  Acc Shift                      155      +90     +143      +69
  Large Total                    507       +6        0       +5
  Large Leaders                   91       +5       -4      -14
  Mid Total                      580       -2      +25      +21
  Mid Leaders                    162        0      +10       -7
  Small Total                    450       -2      -23      -20
  Small Leaders                  107       +7      +10       +3

  LAYER 1 SECTOR BREAKDOWN
────────────────────────────────────────────────────────────────────────────────
  Sector                      Lead    dL5   dL63   Ab20 dA20_5   Ab50 dA50_5  Ab200 dA200_5   HVol
────────────────────────────────────────────────────────────────────────────────
  Health Care                   62     +3     -2    226    +50    176    +67    174    +27     23
  Financials                    67     +3      0    277    +33    262    +66    215    +17     36
  Information Technology        48     +4     +3    175    +65    149    +51    103     +9     22
  Consumer Discretionary        34     +6     -3    141    +25    102    +37     87    +23      8
  Real Estate                   21     -1      0     84     +4     79    +17     63     +4      5
  Industrials                   52      0     -7    207    +21    149    +27    155    +10     27
  Consumer Staples              13      0     -3     41     +2     22     -3     34      0      4
  Utilities                     10      0     -3     37    -10     34    -11     44     -2      6
  Energy                        21     -1     -2     26    -12     43    -22     82     -3     10
  Materials                     18      0      0     60      0     52    +10     61     +5      5
  Technology                     3      0     +1      8     +5      7     +4      3      0      2
  Communication                  6     -1     -1     21      0     22     -1     19      0      4
  Communication Services         5     -1     -1     18     +2     16     +5     13     +5      1
  Index                          0      0    n/a      1      0      1      0      1      0      0

════════════════════════════════════════════════════════════════════════════════
  LAYER 2 — SP500/NASDAQ QUALITY (~515 tickers with sector+industry)
────────────────────────────────────────────────────────────────────────────────
  Metric                       Today       D5      D20      D63
────────────────────────────────────────────────────────────────────────────────
  Total                          510       +4        0       +5
  Leaders                         75       +3       -6      -14
  Contenders                      94       +6       +1      -21
  Laggards                       162      +23      +45       +6
  Weak                           179      -28      -40      +34
  Above 20 SMA                   409      +74     +343      +77
  Above 50 SMA                   313      +93     +213      -47
  Above 200 SMA                  308      +43      +81      -40
  High Volume                     29       +9     -337      -53
  Acc Early                       39      -82     -217      -38
  Large Leaders                   75       +3       -6      -14
  Mid Leaders                      0        0        0        0
  Small Leaders                    0        0        0        0

  LAYER 2 SECTOR BREAKDOWN
────────────────────────────────────────────────────────────────────────────────
  Sector                      Lead    dL5   dL63   Ab20 dA20_5   Ab50 dA50_5  Ab200 dA200_5   HVol
────────────────────────────────────────────────────────────────────────────────
  Health Care                    0     -2     -2     45     +8     28    +14     35    +10      0
  Information Technology        16      0     +2     62    +26     53    +22     33     +1      2
  Consumer Discretionary         9     +4     -2     45    +10     32    +18     26    +11      2
  Financials                    14     +2     -5     70    +17     65    +37     39     +7      7
  Consumer Staples               4     +1     -3     23     +6      5     -4     15      0      1
  Industrials                    9      0     -5     65     +8     42     +8     53     +4      4
  Utilities                      6      0     -1     21     -6     17     -9     28      0      2
  Materials                      2     -1      0     20     -2     16     +1     22     +2      5
  Real Estate                    7     +1     +3     30     +2     28    +10     19     +3      1
  Energy                         0     -1     -1      1     -2      3    -13     21      0      2
  Technology                     3      0     +1      8     +5      7     +4      3      0      2
  Communication Services         5     -1     -1     18     +2     16     +5     13     +5      1
  Index                          0      0    n/a      1      0      1      0      1      0      0

════════════════════════════════════════════════════════════════════════════════
  LAYER 3 — RUSSELL PROXY (~1042 tickers, no industry)
────────────────────────────────────────────────────────────────────────────────
  Metric                       Today       D5      D20      D63
────────────────────────────────────────────────────────────────────────────────
  Total                         1027       -2       +2       +1
  Leaders                        285       +9      +22       -4
  Contenders                     235       +7      +74       -6
  Laggards                       286      +22      +47       -9
  Weak                           221      -40     -141      +20
  Above 20 SMA                   913     +111     +743     +156
  Above 50 SMA                   801     +154     +563       +3
  Above 200 SMA                  746      +52     +193      -56
  High Volume                    124      +85     -598       +5
  Acc Early                       18      -52     -188      -27
  Large Leaders                   16       +2       +2        0
  Mid Leaders                    162        0      +10       -7
  Small Leaders                  107       +7      +10       +3

  LAYER 3 SECTOR BREAKDOWN
────────────────────────────────────────────────────────────────────────────────
  Sector                      Lead    dL5   dL63   Ab20 dA20_5   Ab50 dA50_5  Ab200 dA200_5   HVol
────────────────────────────────────────────────────────────────────────────────
  Communication                  6     -1     -1     21      0     22     -1     19      0      4
  Consumer Discretionary        25     +2     -1     96    +15     70    +19     61    +12      6
  Consumer Staples               9     -1      0     18     -4     17     +1     19      0      3
  Energy                        21      0     -1     25    -10     40     -9     61     -3      8
  Financials                    53     +1     +5    207    +16    197    +29    176    +10     29
  Health Care                   62     +5      0    181    +42    148    +53    139    +17     23
  Industrials                   43      0     -2    142    +13    107    +19    102     +6     23
  Information Technology        32     +4     +1    113    +39     96    +29     70     +8     20
  Materials                     16     +1      0     40     +2     36     +9     39     +3      0
  Real Estate                   14     -2     -3     54     +2     51     +7     44     +1      4
  Utilities                      4      0     -2     16     -4     17     -2     16     -2      4
════════════════════════════════════════════════════════════════════════════════