════════════════════════════════════════════════════════════════════════════════
  US MARKET BREADTH — 2026-04-13
════════════════════════════════════════════════════════════════════════════════

  LAYER 1 — FULL UNIVERSE (1557 tickers)
────────────────────────────────────────────────────────────────────────────────
  Metric                       Today       D5      D20      D63
────────────────────────────────────────────────────────────────────────────────
  Total                         1538       +5       +7       +7
  Leaders                        349       -1        0      -28
  Contenders                     323      +32      +24      -30
  Laggards                       423      +54      +82      -17
  Weak                           443      -80      -99      +82
  Above 20 SMA                  1215     +197     +837     +200
  Above 50 SMA                   956     +316     +448     -204
  Above 200 SMA                  995     +116     +127     -136
  High Volume                     54       +6      -32      -89
  Acc Early                      118     -121     -245       +8
  Acc Progress                   160       -5     +106     +127
  Acc Shift                       86      +45      +68       -9
  Large Total                    504       -5       +2       +2
  Large Leaders                   88       -1       -7      -20
  Mid Total                      584       +9      +25      +25
  Mid Leaders                    165       +4       +8       -4
  Small Total                    450       +1      -20      -20
  Small Leaders                   96       -4       -1       -4

  LAYER 1 SECTOR BREAKDOWN
────────────────────────────────────────────────────────────────────────────────
  Sector                      Lead    dL5   dL63   Ab20 dA20_5   Ab50 dA50_5  Ab200 dA200_5   HVol
────────────────────────────────────────────────────────────────────────────────
  Health Care                   60     +1     -4    187    +33    135    +37    158    +13     10
  Financials                    63      0     -4    269    +24    232   +102    205    +26      9
  Information Technology        46     +2      0    132    +23    111    +35    100    +16     11
  Consumer Discretionary        27      0    -10    121    +26     66    +22     67    +10      3
  Real Estate                   22      0     +1     80    +36     64    +37     59     +9      2
  Industrials                   52     -1     -7    204    +60    132    +58    150    +21      6
  Consumer Staples              13     -2     -2     36     +4     22     -2     35     +2      4
  Utilities                     11     -1     -1     39     -6     41     +1     45      0      4
  Energy                        22      0     -1     40    -24     67     -3     85     +2      2
  Materials                     18     +1      0     63    +15     46    +21     57    +14      1
  Technology                     3      0     +1      5     +3      3     +1      3      0      2
  Communication                  7      0      0     22      0     24     +2     20     +1      0
  Communication Services         5     -1     -1     16     +3     12     +4     10     +1      0
  Index                          0      0    n/a      1      0      1     +1      1     +1      0

════════════════════════════════════════════════════════════════════════════════
  LAYER 2 — SP500/NASDAQ QUALITY (~515 tickers with sector+industry)
────────────────────────────────────────────────────────────────────────────────
  Metric                       Today       D5      D20      D63
────────────────────────────────────────────────────────────────────────────────
  Total                          508       -5       +3       +3
  Leaders                         73       -2       -8      -20
  Contenders                      94       +6      -16      -19
  Laggards                       147      +19      +40       -1
  Weak                           194      -28      -13      +43
  Above 20 SMA                   365      +61     +235      +32
  Above 50 SMA                   256      +84      +85      -99
  Above 200 SMA                  286      +38      +27      -50
  High Volume                     12       +8       -1      -18
  Acc Early                       81      -69     -115       +9
  Large Leaders                   73       -2       -8      -20
  Mid Leaders                      0        0        0        0
  Small Leaders                    0        0        0        0

  LAYER 2 SECTOR BREAKDOWN
────────────────────────────────────────────────────────────────────────────────
  Sector                      Lead    dL5   dL63   Ab20 dA20_5   Ab50 dA50_5  Ab200 dA200_5   HVol
────────────────────────────────────────────────────────────────────────────────
  Health Care                    0     -1     -2     37     +6     20     +8     29     +4      0
  Information Technology        16     -1     +1     47     +6     36     +9     32     +3      4
  Consumer Discretionary         6     +1     -7     39    +11     18     +8     19     +5      0
  Financials                    13      0     -9     68    +12     49    +31     38     +9      2
  Consumer Staples               3     -2     -4     14     -2      6     -6     17      0      1
  Industrials                    9      0     -6     63    +25     36    +16     52     +6      1
  Utilities                      7     -1     +3     20     -5     26     +1     27      0      1
  Materials                      3     +1      0     23     +5     16     +9     21     +7      0
  Real Estate                    7     +2     +4     28     +8     19     +8     16     +2      1
  Energy                         1      0      0      4    -11     14     -6     21      0      0
  Technology                     3      0     +1      5     +3      3     +1      3      0      2
  Communication Services         5     -1     -1     16     +3     12     +4     10     +1      0
  Index                          0      0    n/a      1      0      1     +1      1     +1      0

════════════════════════════════════════════════════════════════════════════════
  LAYER 3 — RUSSELL PROXY (~1042 tickers, no industry)
────────────────────────────────────────────────────────────────────────────────
  Metric                       Today       D5      D20      D63
────────────────────────────────────────────────────────────────────────────────
  Total                         1030      +10       +4       +4
  Leaders                        276       +1       +8       -8
  Contenders                     229      +26      +40      -11
  Laggards                       276      +35      +42      -16
  Weak                           249      -52      -86      +39
  Above 20 SMA                   850     +136     +602     +168
  Above 50 SMA                   700     +232     +363     -105
  Above 200 SMA                  709      +78     +100      -86
  High Volume                     42       -2      -31      -71
  Acc Early                       37      -52     -130       -1
  Large Leaders                   15       +1       +1        0
  Mid Leaders                    165       +4       +8       -4
  Small Leaders                   96       -4       -1       -4

  LAYER 3 SECTOR BREAKDOWN
────────────────────────────────────────────────────────────────────────────────
  Sector                      Lead    dL5   dL63   Ab20 dA20_5   Ab50 dA50_5  Ab200 dA200_5   HVol
────────────────────────────────────────────────────────────────────────────────
  Communication                  7      0      0     22      0     24     +2     20     +1      0
  Consumer Discretionary        21     -1     -3     82    +15     48    +14     48     +5      3
  Consumer Staples              10      0     +2     22     +6     16     +4     18     +2      3
  Energy                        21      0     -1     36    -13     53     +3     64     +2      2
  Financials                    50      0     +5    201    +12    183    +71    167    +17      7
  Health Care                   60     +2     -2    150    +27    115    +29    129     +9     10
  Industrials                   43     -1     -1    141    +35     96    +42     98    +15      5
  Information Technology        30     +3     -1     85    +17     75    +26     68    +13      7
  Materials                     15      0      0     40    +10     30    +12     36     +7      1
  Real Estate                   15     -2     -3     52    +28     45    +29     43     +7      1
  Utilities                      4      0     -4     19     -1     15      0     18      0      3
════════════════════════════════════════════════════════════════════════════════