════════════════════════════════════════════════════════════════════════════════
  US MARKET BREADTH — 2026-05-15
════════════════════════════════════════════════════════════════════════════════

  LAYER 1 — FULL UNIVERSE (1557 tickers)
────────────────────────────────────────────────────────────────────────────────
  Metric                       Today       D5      D20      D63
────────────────────────────────────────────────────────────────────────────────
  Total                         1526       +6      -17       -5
  Leaders                        347       -1      -15      -30
  Contenders                     299      -19      -34      -48
  Laggards                       381      -41      -61      -37
  Weak                           499      +67      +93     +110
  Above 20 SMA                   536     -285     -789     -346
  Above 50 SMA                   792     -207     -324     -172
  Above 200 SMA                  906      -84     -151     -191
  High Volume                    116      -80      -94     -111
  Acc Early                      329      +92     +271     +106
  Acc Progress                    11       -8     -103       -3
  Acc Shift                       44      -41     -110        0
  Large Total                    498       -3       -9       -4
  Large Leaders                   78        0      -10      -28
  Mid Total                      579       +7       -4      +20
  Mid Leaders                    165       -2       -1       -3
  Small Total                    448       +2       -5      -22
  Small Leaders                  104       +1       -4       +1

  LAYER 1 SECTOR BREAKDOWN
────────────────────────────────────────────────────────────────────────────────
  Sector                      Lead    dL5   dL63   Ab20 dA20_5   Ab50 dA50_5  Ab200 dA200_5   HVol
────────────────────────────────────────────────────────────────────────────────
  Health Care                   57     -1     -6     89    -33    118    -25    149     -2     27
  Financials                    66     +3     -2     57    -96    150    -72    187    -12     11
  Information Technology        48     +2     +4    111    -36    131    -21    108     -8     21
  Consumer Discretionary        27     -3    -10     32    -27     48    -27     55    -16     13
  Real Estate                   21      0     -1     23    -39     58    -16     60    -10      9
  Industrials                   55     +1     -5     92    -39    127    -30    131    -15     20
  Consumer Staples              13     -1     -3     26     -7     27     -4     29     -6      3
  Utilities                      9      0     -4      5     -4      8     -8     31     -4      6
  Energy                        22     +1      0     60    +23     60    +12     82     +3      2
  Materials                     14     -2     -4     20    -17     33    -12     45     -9      2
  Technology                     3      0     +2      6     -1      6      0      3      0      0
  Communication                  7      0      0      7     -5     15     -3     15     -4      1
  Communication Services         5     -1     -1      7     -4     10     -1     10     -1      1
  Index                          0      0    n/a      1      0      1      0      1      0      0

════════════════════════════════════════════════════════════════════════════════
  LAYER 2 — SP500/NASDAQ QUALITY (~515 tickers with sector+industry)
────────────────────────────────────────────────────────────────────────────────
  Metric                       Today       D5      D20      D63
────────────────────────────────────────────────────────────────────────────────
  Total                          505       -1       -6        0
  Leaders                         66       +1       -6      -24
  Contenders                      83       -3      -13      -35
  Laggards                       144      -12      -18       +3
  Weak                           212      +13      +31      +56
  Above 20 SMA                   179      -37     -230     -127
  Above 50 SMA                   226      -35      -86      -88
  Above 200 SMA                  263      -13      -46      -72
  High Volume                     33      -20      -11      -54
  Acc Early                      190      +34     +151      +61
  Large Leaders                   66       +2       -6      -24
  Mid Leaders                      0       -1        0        0
  Small Leaders                    0        0        0        0

  LAYER 2 SECTOR BREAKDOWN
────────────────────────────────────────────────────────────────────────────────
  Sector                      Lead    dL5   dL63   Ab20 dA20_5   Ab50 dA50_5  Ab200 dA200_5   HVol
────────────────────────────────────────────────────────────────────────────────
  Health Care                    1      0     -2     20     -2     17     -5     29     +2      9
  Information Technology        14     +1      0     47     -5     49     -3     41     +2      5
  Consumer Discretionary         5     -3     -4      5     -4      8     -9     14     -4      3
  Financials                    12     -1     -9     25     +4     36     -9     36      0      3
  Consumer Staples               5     +1     -2     14     -5     16     +1     15     -3      0
  Industrials                   10     +2     -3     23    -12     35     -7     42     -2      4
  Utilities                      5     +1     -3      1     -2      2     -3     17     -2      4
  Materials                      1      0     -1      7     -3     11     -2     15     -1      1
  Real Estate                    5     +1     -1      7    -14     19     -6     20     -3      3
  Energy                         0      0      0     16    +11     16     +9     20     -1      0
  Technology                     3      0     +2      6     -1      6      0      3      0      0
  Communication Services         5     -1     -1      7     -4     10     -1     10     -1      1
  Index                          0      0    n/a      1      0      1      0      1      0      0

════════════════════════════════════════════════════════════════════════════════
  LAYER 3 — RUSSELL PROXY (~1042 tickers, no industry)
────────────────────────────────────────────────────────────────────────────────
  Metric                       Today       D5      D20      D63
────────────────────────────────────────────────────────────────────────────────
  Total                         1021       +7      -11       -5
  Leaders                        281       -2       -9       -6
  Contenders                     216      -16      -21      -13
  Laggards                       237      -29      -43      -40
  Weak                           287      +54      +62      +54
  Above 20 SMA                   357     -248     -559     -219
  Above 50 SMA                   566     -172     -238      -84
  Above 200 SMA                  643      -71     -105     -119
  High Volume                     83      -60      -83      -57
  Acc Early                      139      +58     +120      +45
  Large Leaders                   12       -2       -4       -4
  Mid Leaders                    165       -1       -1       -3
  Small Leaders                  104       +1       -4       +1

  LAYER 3 SECTOR BREAKDOWN
────────────────────────────────────────────────────────────────────────────────
  Sector                      Lead    dL5   dL63   Ab20 dA20_5   Ab50 dA50_5  Ab200 dA200_5   HVol
────────────────────────────────────────────────────────────────────────────────
  Communication                  7      0      0      7     -5     15     -3     15     -4      1
  Consumer Discretionary        22      0     -6     27    -23     40    -18     41    -12     10
  Consumer Staples               8     -2     -1     12     -2     11     -5     14     -3      3
  Energy                        22     +1      0     44    +12     44     +3     62     +4      2
  Financials                    54     +4     +7     32   -100    114    -63    151    -12      8
  Health Care                   56     -1     -4     69    -31    101    -20    120     -4     18
  Industrials                   45     -1     -2     69    -27     92    -23     89    -13     16
  Information Technology        34     +1     +4     64    -31     82    -18     67    -10     16
  Materials                     13     -2     -3     13    -14     22    -10     30     -8      1
  Real Estate                   16     -1      0     16    -25     39    -10     40     -7      6
  Utilities                      4     -1     -1      4     -2      6     -5     14     -2      2
════════════════════════════════════════════════════════════════════════════════