════════════════════════════════════════════════════════════════════════════════
  US MARKET BREADTH — 2026-03-20
════════════════════════════════════════════════════════════════════════════════

  LAYER 1 — FULL UNIVERSE (1557 tickers)
────────────────────────────────────────────────────────────────────────────────
  Metric                       Today       D5      D20      D63
────────────────────────────────────────────────────────────────────────────────
  Total                         1535       +4       +4       +4
  Leaders                        346       -4      -27      -32
  Contenders                     256      -35      -94      -91
  Laggards                       349       +6      -75      -31
  Weak                           584      +37     +200     +158
  Above 20 SMA                   230     -103     -705     -714
  Above 50 SMA                   336     -132     -653     -650
  Above 200 SMA                  782      -74     -319     -279
  High Volume                    626     +504     +399     -510
  Acc Early                      462      +77     +260     +293
  Acc Progress                    32      -16       +5      -17
  Acc Shift                       13       -1      -35      -70
  Large Total                    504       +2       +2       +2
  Large Leaders                   95       +2      -10      -13
  Mid Total                      559        0        0        0
  Mid Leaders                    155       -6       -9       -7
  Small Total                    472       +2       +2       +2
  Small Leaders                   96        0       -8      -12

  LAYER 1 SECTOR BREAKDOWN
────────────────────────────────────────────────────────────────────────────────
  Sector                      Lead    dL5   dL63   Ab20 dA20_5   Ab50 dA50_5  Ab200 dA200_5   HVol
────────────────────────────────────────────────────────────────────────────────
  Health Care                   59      0     -5     44    -12     57    -17    146     -3    109
  Financials                    56     -3    -11     21     -4     22    -11    127    -14    147
  Information Technology        47     +3      0     52     -7     52     -6     82     -5     80
  Consumer Discretionary        28     -2     -9     14    -10     19    -13     46    -11     45
  Real Estate                   22      0     +1      3    -10     16    -24     47     -6     23
  Industrials                   57     +2     -2     18     -4     33    -18    118     -8     84
  Consumer Staples              15      0      0      2    -12     10    -19     30     -5     32
  Utilities                     12      0     -1      0    -31     21    -19     40     -6     22
  Energy                        22      0      0     53      0     76     +5     86      0     29
  Materials                     15     -2     -3      9     -8     13     -5     36    -10     28
  Technology                     1     -1     -1      2      0      2     +1      2      0      4
  Communication                  6     -1     -1      6     -3     11     -2     15     -3     12
  Communication Services         6      0      0      6     -2      4     -4      7     -3     11

════════════════════════════════════════════════════════════════════════════════
  LAYER 2 — SP500/NASDAQ QUALITY (~515 tickers with sector+industry)
────────────────────────────────────────────────────────────────────────────────
  Metric                       Today       D5      D20      D63
────────────────────────────────────────────────────────────────────────────────
  Total                          507       +2       +2       +2
  Leaders                         81       +2      -10       -9
  Contenders                      87      -21      -29      -36
  Laggards                       119      +10      -23       +7
  Weak                           220      +11      +64      +40
  Above 20 SMA                    66      -47     -250     -216
  Above 50 SMA                   101      -59     -226     -190
  Above 200 SMA                  224      -27     -112      -85
  High Volume                    200     +171     +137     -231
  Acc Early                      255      +40     +138     +145
  Large Leaders                   81       +2      -10       -9
  Mid Leaders                      0        0        0        0
  Small Leaders                    0        0        0        0

  LAYER 2 SECTOR BREAKDOWN
────────────────────────────────────────────────────────────────────────────────
  Sector                      Lead    dL5   dL63   Ab20 dA20_5   Ab50 dA50_5  Ab200 dA200_5   HVol
────────────────────────────────────────────────────────────────────────────────
  Health Care                    1     -1      0      1     -1      6     -8     24     -2     16
  Information Technology        16     +1      0     23     -2     21      0     25     -3     38
  Consumer Discretionary         7     +1     -6      2     -5      2     -9     15     -1     13
  Financials                    16      0     -4      7     +1      5     -1     21     -4     31
  Consumer Staples               6      0     -1      1     -5      3    -11     16     -3     17
  Industrials                   12      0     -2      3     -3     11     -8     43     -2     31
  Utilities                      7      0     +2      0    -22     16    -11     25     -3     14
  Materials                      3     +1     +1      4     -3      6     -2     12     -4      7
  Real Estate                    4      0     +1      0     -3      5     -6     13     -1      8
  Energy                         2     +1     +1     17     -2     20      0     21     -1     10
  Technology                     1     -1     -1      2      0      2     +1      2      0      4
  Communication Services         6      0      0      6     -2      4     -4      7     -3     11

════════════════════════════════════════════════════════════════════════════════
  LAYER 3 — RUSSELL PROXY (~1042 tickers, no industry)
────────────────────────────────────────────────────────────────────────────────
  Metric                       Today       D5      D20      D63
────────────────────────────────────────────────────────────────────────────────
  Total                         1028       +2       +2       +2
  Leaders                        265       -6      -17      -23
  Contenders                     169      -14      -65      -55
  Laggards                       230       -4      -52      -38
  Weak                           364      +26     +136     +118
  Above 20 SMA                   164      -56     -455     -498
  Above 50 SMA                   235      -73     -427     -460
  Above 200 SMA                  558      -47     -207     -194
  High Volume                    426     +333     +262     -279
  Acc Early                      207      +37     +122     +148
  Large Leaders                   14        0        0       -4
  Mid Leaders                    155       -6       -9       -7
  Small Leaders                   96        0       -8      -12

  LAYER 3 SECTOR BREAKDOWN
────────────────────────────────────────────────────────────────────────────────
  Sector                      Lead    dL5   dL63   Ab20 dA20_5   Ab50 dA50_5  Ab200 dA200_5   HVol
────────────────────────────────────────────────────────────────────────────────
  Communication                  6     -1     -1      6     -3     11     -2     15     -3     12
  Consumer Discretionary        21     -3     -3     12     -5     17     -4     31    -10     32
  Consumer Staples               9      0     +1      1     -7      7     -8     14     -2     15
  Energy                        20     -1     -1     36     +2     56     +5     65     +1     19
  Financials                    40     -3     -7     14     -5     17    -10    106    -10    116
  Health Care                   58     +1     -5     43    -11     51     -9    122     -1     93
  Industrials                   45     +2      0     15     -1     22    -10     75     -6     53
  Information Technology        31     +2      0     29     -5     31     -6     57     -2     42
  Materials                     12     -3     -4      5     -5      7     -3     24     -6     21
  Real Estate                   18      0      0      3     -7     11    -18     34     -5     15
  Utilities                      5      0     -3      0     -9      5     -8     15     -3      8
════════════════════════════════════════════════════════════════════════════════