════════════════════════════════════════════════════════════════════════════════
  US MARKET BREADTH — 2026-04-02
════════════════════════════════════════════════════════════════════════════════

  LAYER 1 — FULL UNIVERSE (1557 tickers)
────────────────────────────────────────────────────────────────────────────────
  Metric                       Today       D5      D20      D63
────────────────────────────────────────────────────────────────────────────────
  Total                         1358     -175     -173     -173
  Leaders                        306      -36      -63      -69
  Contenders                     252      -24      -74      -91
  Laggards                       348      -22      -46      -10
  Weak                           452      -93      +10       -3
  Above 20 SMA                   825     +277     +236     +298
  Above 50 SMA                   523      +72     -229     -380
  Above 200 SMA                  781      -55     -234     -244
  High Volume                     66      -25     -120      +21
  Acc Early                      243     -152      +60      +50
  Acc Progress                   128      +68      +26      +85
  Acc Shift                       27      +10       -9      -39
  Large Total                    451      -57      -51      -51
  Large Leaders                   83       -2      -19      -30
  Mid Total                      511      -45      -48      -48
  Mid Leaders                    138      -16      -32      -21
  Small Total                    396      -73      -74      -74
  Small Leaders                   85      -18      -12      -18

  LAYER 1 SECTOR BREAKDOWN
────────────────────────────────────────────────────────────────────────────────
  Sector                      Lead    dL5   dL63   Ab20 dA20_5   Ab50 dA50_5  Ab200 dA200_5   HVol
────────────────────────────────────────────────────────────────────────────────
  Health Care                   53     -6    -11    124    +32     86     +2    132    -15     16
  Financials                    57     -4    -10    209    +76     82    +41    162     +9      7
  Information Technology        35     -8    -12     83    +27     62     +4     70    -12      4
  Consumer Discretionary        24     -1    -13     61    +19     28     -3     44     -4      5
  Real Estate                   19     -2     -2     35    +21     29    +10     46     -2      4
  Industrials                   45    -10    -13    121    +59     58    +15    112     -9     15
  Consumer Staples              12     -2     -3     20     +5     19     +2     27     -5      7
  Utilities                     11     -1     -1     41    +29     37     +4     42     -2      0
  Energy                        20     -2     -2     59    -14     68    -13     79     -9      1
  Materials                     15     +1     -2     42    +15     25     +3     39     -4      3
  Technology                     3      0     +1      2      0      2      0      3      0      0
  Communication                  6     -1     -1     17     +4     19     +5     17     -2      4
  Communication Services         6      0      0     11     +4      8     +2      8      0      0
  Index                          0      0    n/a      0      0      0      0      0      0      0

════════════════════════════════════════════════════════════════════════════════
  LAYER 2 — SP500/NASDAQ QUALITY (~515 tickers with sector+industry)
────────────────────────────────────────────────────────────────────────────────
  Metric                       Today       D5      D20      D63
────────────────────────────────────────────────────────────────────────────────
  Total                          453      -58      -52      -52
  Leaders                         69       -4      -19      -28
  Contenders                      77      -16      -41      -40
  Laggards                       116       -8       -5       +4
  Weak                           191      -30      +13      +12
  Above 20 SMA                   239     +140      +35      +26
  Above 50 SMA                   141      +29     -117     -143
  Above 200 SMA                  224      -15      -77      -80
  High Volume                      8       -4      -48       +7
  Acc Early                      148      -91      +50      +47
  Large Leaders                   69       -4      -19      -28
  Mid Leaders                      0        0        0        0
  Small Leaders                    0        0        0        0

  LAYER 2 SECTOR BREAKDOWN
────────────────────────────────────────────────────────────────────────────────
  Sector                      Lead    dL5   dL63   Ab20 dA20_5   Ab50 dA50_5  Ab200 dA200_5   HVol
────────────────────────────────────────────────────────────────────────────────
  Health Care                    1     +1      0     25    +11     10     -1     25     +1      0
  Information Technology        15     +1     -2     32    +17     23     +6     26     +1      0
  Consumer Discretionary         6      0     -8     17    +10      6     +1     13     -4      2
  Financials                    11     -3    -13     46    +30     11     +8     26     -1      0
  Consumer Staples               2     -2     -5     11     +7      8     +2     13     -4      2
  Industrials                    9     -2     -6     29    +27     15     +9     40     -2      1
  Utilities                      8     +1     +3     23    +21     22     -1     25     -2      0
  Materials                      2     -1      0     16     +8      8     +1     13     -2      0
  Real Estate                    5     +2     +2     14    +13     11     +7     14     +2      3
  Energy                         1     -1      0     13     -8     17     -5     18     -4      0
  Technology                     3      0     +1      2      0      2      0      3      0      0
  Communication Services         6      0      0     11     +4      8     +2      8      0      0
  Index                          0      0    n/a      0      0      0      0      0      0      0

════════════════════════════════════════════════════════════════════════════════
  LAYER 3 — RUSSELL PROXY (~1042 tickers, no industry)
────────────────────────────────────────────────────────────────────────────────
  Metric                       Today       D5      D20      D63
────────────────────────────────────────────────────────────────────────────────
  Total                          905     -117     -121     -121
  Leaders                        237      -32      -44      -41
  Contenders                     175       -8      -33      -51
  Laggards                       232      -14      -41      -14
  Weak                           261      -63       -3      -15
  Above 20 SMA                   586     +137     +201     +272
  Above 50 SMA                   382      +43     -112     -237
  Above 200 SMA                  557      -40     -157     -164
  High Volume                     58      -21      -72      +14
  Acc Early                       95      -61      +10       +3
  Large Leaders                   14       +2        0       -2
  Mid Leaders                    138      -16      -32      -21
  Small Leaders                   85      -18      -12      -18

  LAYER 3 SECTOR BREAKDOWN
────────────────────────────────────────────────────────────────────────────────
  Sector                      Lead    dL5   dL63   Ab20 dA20_5   Ab50 dA50_5  Ab200 dA200_5   HVol
────────────────────────────────────────────────────────────────────────────────
  Communication                  6     -1     -1     17     +4     19     +5     17     -2      4
  Consumer Discretionary        18     -1     -5     44     +9     22     -4     31      0      3
  Consumer Staples              10      0     +2      9     -2     11      0     14     -1      5
  Energy                        19     -1     -2     46     -6     51     -8     61     -5      1
  Financials                    46     -1     +3    163    +46     71    +33    136    +10      7
  Health Care                   52     -7    -11     99    +21     76     +3    107    -16     16
  Industrials                   36     -8     -7     92    +32     43     +6     72     -7     14
  Information Technology        20     -9    -10     51    +10     39     -2     44    -13      4
  Materials                     13     +2     -2     26     +7     17     +2     26     -2      3
  Real Estate                   14     -4     -4     21     +8     18     +3     32     -4      1
  Utilities                      3     -2     -4     18     +8     15     +5     17      0      0
════════════════════════════════════════════════════════════════════════════════