════════════════════════════════════════════════════════════════════════════════
  US MARKET BREADTH — 2026-04-24
════════════════════════════════════════════════════════════════════════════════

  LAYER 1 — FULL UNIVERSE (1557 tickers)
────────────────────────────────────────────────────────────────────────────────
  Metric                       Today       D5      D20      D63
────────────────────────────────────────────────────────────────────────────────
  Total                         1527      -16       -6       -4
  Leaders                        357       -5      +27      -22
  Contenders                     325       -8      +63      -27
  Laggards                       410      -32      +52      -41
  Weak                           435      +29     -148      +86
  Above 20 SMA                  1090     -235     +719     +107
  Above 50 SMA                  1040      -76     +668      -50
  Above 200 SMA                 1006      -51     +234     -138
  High Volume                     86     -124      -10      -49
  Acc Early                      159     +101     -315      +18
  Acc Progress                    74      -40      +45      +51
  Acc Shift                      119      -35     +105      +43
  Large Total                    502       -5       -6        0
  Large Leaders                   88        0       +5      -16
  Mid Total                      579       -4      +23      +20
  Mid Leaders                    157       -9      +12      -14
  Small Total                    446       -7      -23      -24
  Small Leaders                  112       +4      +10       +8

  LAYER 1 SECTOR BREAKDOWN
────────────────────────────────────────────────────────────────────────────────
  Sector                      Lead    dL5   dL63   Ab20 dA20_5   Ab50 dA50_5  Ab200 dA200_5   HVol
────────────────────────────────────────────────────────────────────────────────
  Health Care                   61     -2     -3    149    -78    140    -37    153    -22     15
  Financials                    67     -1      0    227    -51    236    -27    213     -2     17
  Information Technology        48     +2     +1    157    -17    147     -1    106     +4     19
  Consumer Discretionary        32     -2     -5    115    -28     95     -8     78    -11      9
  Real Estate                   20      0     -1     79     -4     69     -9     61     -2      2
  Industrials                   52     -1     -7    172    -34    147     -1    148     -6      9
  Consumer Staples              14      0     -2     38     -6     26     +2     35     -2      0
  Utilities                     10     -2     -2     19    -18     28     -6     42     -2      5
  Energy                        21      0     -2     49    +22     65    +21     80     -3      3
  Materials                     17      0     -1     43    -14     44     -6     56     -4      3
  Technology                     3     +1     +1      7      0      5     -1      3     +1      2
  Communication                  7      0      0     22     -2     25      0     20      0      0
  Communication Services         5      0     -1     12     -5     12     -3     10     -2      2
  Index                          0      0    n/a      1      0      1      0      1      0      0

════════════════════════════════════════════════════════════════════════════════
  LAYER 2 — SP500/NASDAQ QUALITY (~515 tickers with sector+industry)
────────────────────────────────────────────────────────────────────────────────
  Metric                       Today       D5      D20      D63
────────────────────────────────────────────────────────────────────────────────
  Total                          506       -5       -5       +1
  Leaders                         72        0       +2      -15
  Contenders                      96        0       +6      -22
  Laggards                       142      -20      +24      -14
  Weak                           196      +15      -37      +52
  Above 20 SMA                   307     -102     +237      +13
  Above 50 SMA                   269      -43     +172      -69
  Above 200 SMA                  283      -26      +64      -65
  High Volume                     20      -24       +4      -26
  Acc Early                      117      +78     -156      +28
  Large Leaders                   72        0       +2      -15
  Mid Leaders                      0        0        0        0
  Small Leaders                    0        0        0        0

  LAYER 2 SECTOR BREAKDOWN
────────────────────────────────────────────────────────────────────────────────
  Sector                      Lead    dL5   dL63   Ab20 dA20_5   Ab50 dA50_5  Ab200 dA200_5   HVol
────────────────────────────────────────────────────────────────────────────────
  Health Care                    0      0     -1     18    -27     16    -12     25    -10      2
  Information Technology        14     -1      0     53     -9     51     -2     37     +4      6
  Consumer Discretionary         7     -2     -5     35    -11     25     -7     22     -5      2
  Financials                    14      0     -4     52    -19     50    -16     38     -2      2
  Consumer Staples               6     +2     -1     20     -5     10     +4     19     +2      0
  Industrials                    8     -1     -5     51    -14     40     -2     49     -4      2
  Utilities                      6     -1     +1      8    -13     12     -5     24     -4      0
  Materials                      2      0     -1     12     -7     12     -4     17     -5      0
  Real Estate                    7     +2     +2     29      0     22     -5     18      0      1
  Energy                         0      0     -1      9     +8     13    +10     20     -1      1
  Technology                     3     +1     +1      7      0      5     -1      3     +1      2
  Communication Services         5      0     -1     12     -5     12     -3     10     -2      2
  Index                          0      0    n/a      1      0      1      0      1      0      0

════════════════════════════════════════════════════════════════════════════════
  LAYER 3 — RUSSELL PROXY (~1042 tickers, no industry)
────────────────────────────────────────────────────────────────────────────────
  Metric                       Today       D5      D20      D63
────────────────────────────────────────────────────────────────────────────────
  Total                         1021      -11       -1       -5
  Leaders                        285       -5      +25       -7
  Contenders                     229       -8      +57       -5
  Laggards                       268      -12      +28      -27
  Weak                           239      +14     -111      +34
  Above 20 SMA                   783     -133     +482      +94
  Above 50 SMA                   771      -33     +496      +19
  Above 200 SMA                  723      -25     +170      -73
  High Volume                     66     -100      -14      -23
  Acc Early                       42      +23     -159      -10
  Large Leaders                   16        0       +3       -1
  Mid Leaders                    157       -9      +12      -14
  Small Leaders                  112       +4      +10       +8

  LAYER 3 SECTOR BREAKDOWN
────────────────────────────────────────────────────────────────────────────────
  Sector                      Lead    dL5   dL63   Ab20 dA20_5   Ab50 dA50_5  Ab200 dA200_5   HVol
────────────────────────────────────────────────────────────────────────────────
  Communication                  7      0      0     22     -2     25      0     20      0      0
  Consumer Discretionary        25      0      0     80    -17     70     -1     56     -6      7
  Consumer Staples               8     -2     -1     18     -1     16     -2     16     -4      0
  Energy                        21      0     -1     40    +14     52    +11     60     -2      2
  Financials                    53     -1     +4    175    -32    186    -11    175      0     15
  Health Care                   61     -2     -2    131    -51    124    -25    128    -12     13
  Industrials                   44      0     -2    121    -20    107     +1     99     -2      7
  Information Technology        34     +3     +1    104     -8     96     +1     69      0     13
  Materials                     15      0      0     31     -7     32     -2     39     +1      3
  Real Estate                   13     -2     -3     50     -4     47     -4     43     -2      1
  Utilities                      4     -1     -3     11     -5     16     -1     18     +2      5
════════════════════════════════════════════════════════════════════════════════