════════════════════════════════════════════════════════════════════════════════
  US MARKET BREADTH — 2026-07-02
════════════════════════════════════════════════════════════════════════════════

  LAYER 1 — FULL UNIVERSE (1557 tickers)
────────────────────────────────────────────────────────────────────────────────
  Metric                       Today       D5      D20      D63
────────────────────────────────────────────────────────────────────────────────
  Total                         1463        0    +1407      -68
  Leaders                        341       -4     +326       -1
  Contenders                     312      -10     +301      +26
  Laggards                       462      +63     +447      +80
  Weak                           348      -49     +333     -173
  Above 20 SMA                  1022      +39     +980      +86
  Above 50 SMA                  1025      +34     +990     +449
  Above 200 SMA                 1033      +35     +996     +164
  High Volume                     19       -8      +15      -51
  Acc Early                      135      -51     +131     -141
  Acc Progress                    54        0      +47      -94
  Acc Shift                      107      +36     +103      +74
  Large Total                    481        0     +461      -22
  Large Leaders                   76       -1      +71      -13
  Mid Total                      555        0     +533      -22
  Mid Leaders                    158       -3     +152       +2
  Small Total                    426        0     +412      -25
  Small Leaders                  107        0     +103      +10

  LAYER 1 SECTOR BREAKDOWN
────────────────────────────────────────────────────────────────────────────────
  Sector                      Lead    dL5   dL63   Ab20 dA20_5   Ab50 dA50_5  Ab200 dA200_5   HVol
────────────────────────────────────────────────────────────────────────────────
  Health Care                   59     -1     -2    225    +10    220    +28    182    +15      5
  Financials                    68     +2     +7    241    +23    238    +32    225    +21      1
  Information Technology        46      0     +5     84     +5     96    -10    114     +2      5
  Consumer Discretionary        29     -2     +4     93     +4     94     +1     81     +1      1
  Real Estate                   20      0     -2     65     -2     68     +4     68     +1      2
  Industrials                   53     +2     +1    135    -18    150    -18    159     +4      3
  Consumer Staples              14     -1      0     48     +2     44     +4     38      0      1
  Utilities                     11     -1      0     40     +1     38      0     38     +3      0
  Energy                        19     -1     -3     26     +2     14     -8     58     -5      0
  Materials                      9     -2     -8     32     +2     31     -8     37    -10      0
  Technology                     2      0     -1      3     +1      6     +3      3      0      0
  Communication                  5      0     -2     15     -1     17     +2     19     +2      0
  Communication Services         6      0      0     14     +9      8     +4     10     +1      1
  Index                          0      0      0      1     +1      1      0      1      0      0

════════════════════════════════════════════════════════════════════════════════
  LAYER 2 — SP500/NASDAQ QUALITY (~515 tickers with sector+industry)
────────────────────────────────────────────────────────────────────────────────
  Metric                       Today       D5      D20      D63
────────────────────────────────────────────────────────────────────────────────
  Total                          487        0     +468      -19
  Leaders                         69        0      +65       -6
  Contenders                      98       -3      +94      +13
  Laggards                       169      +26     +165      +41
  Weak                           151      -23     +144      -67
  Above 20 SMA                   339      +45     +324      +75
  Above 50 SMA                   337      +29     +327     +188
  Above 200 SMA                  320      +21     +309      +76
  High Volume                      6       +1       +4       -1
  Acc Early                       57      -52      +55     -112
  Large Leaders                   68       -1      +64       -7
  Mid Leaders                      1       +1       +1       +1
  Small Leaders                    0        0        0        0

  LAYER 2 SECTOR BREAKDOWN
────────────────────────────────────────────────────────────────────────────────
  Sector                      Lead    dL5   dL63   Ab20 dA20_5   Ab50 dA50_5  Ab200 dA200_5   HVol
────────────────────────────────────────────────────────────────────────────────
  Health Care                    1     +1      0     55     +7     56    +13     37     +4      2
  Information Technology        13     -1     -4     29     +6     34     -3     41     +2      0
  Consumer Discretionary         7     -2     +1     29     +5     31     +6     24     +2      1
  Financials                    15     +3     +2     57    +15     55    +14     49    +12      0
  Consumer Staples               5     -1     +1     27      0     26     +2     20     -1      0
  Industrials                    7     -1     -2     58     +4     57     -3     56     +5      1
  Utilities                      6      0     -2     24     -2     24     -1     24     +2      0
  Materials                      2      0      0     16     +2     15     -2     18     -2      0
  Real Estate                    4     +1     -1     19     -4     20     -2     22      0      1
  Energy                         1      0      0      7     +1      4     -2     15     -4      0
  Technology                     2      0     -1      3     +1      6     +3      3      0      0
  Communication Services         6      0      0     14     +9      8     +4     10     +1      1
  Index                          0      0      0      1     +1      1      0      1      0      0

════════════════════════════════════════════════════════════════════════════════
  LAYER 3 — RUSSELL PROXY (~1042 tickers, no industry)
────────────────────────────────────────────────────────────────────────────────
  Metric                       Today       D5      D20      D63
────────────────────────────────────────────────────────────────────────────────
  Total                          976        0     +939      -49
  Leaders                        272       -4     +261       +5
  Contenders                     214       -7     +207      +13
  Laggards                       293      +37     +282      +39
  Weak                           197      -26     +189     -106
  Above 20 SMA                   683       -6     +656      +11
  Above 50 SMA                   688       +5     +663     +261
  Above 200 SMA                  713      +14     +687      +88
  High Volume                     13       -9      +11      -50
  Acc Early                       78       +1      +76      -29
  Large Leaders                    8        0       +7       -6
  Mid Leaders                    157       -4     +151       +1
  Small Leaders                  107        0     +103      +10

  LAYER 3 SECTOR BREAKDOWN
────────────────────────────────────────────────────────────────────────────────
  Sector                      Lead    dL5   dL63   Ab20 dA20_5   Ab50 dA50_5  Ab200 dA200_5   HVol
────────────────────────────────────────────────────────────────────────────────
  Communication                  5      0     -2     15     -1     17     +2     19     +2      0
  Consumer Discretionary        22      0     +3     64     -1     63     -5     57     -1      0
  Consumer Staples               9      0     -1     21     +2     18     +2     18     +1      1
  Energy                        18     -1     -3     19     +1     10     -6     43     -1      0
  Financials                    53     -1     +5    184     +8    183    +18    176     +9      1
  Health Care                   58     -2     -2    170     +3    164    +15    145    +11      3
  Industrials                   46     +3     +3     77    -22     93    -15    103     -1      2
  Information Technology        33     +1     +9     55     -1     62     -7     73      0      5
  Materials                      7     -2     -8     16      0     16     -6     19     -8      0
  Real Estate                   16     -1     -1     46     +2     48     +6     46     +1      1
  Utilities                      5     -1     +2     16     +3     14     +1     14     +1      0
════════════════════════════════════════════════════════════════════════════════