════════════════════════════════════════════════════════════════════════════════
  US MARKET BREADTH — 2026-04-15
════════════════════════════════════════════════════════════════════════════════

  LAYER 1 — FULL UNIVERSE (1557 tickers)
────────────────────────────────────────────────────────────────────────────────
  Metric                       Today       D5      D20      D63
────────────────────────────────────────────────────────────────────────────────
  Total                         1538       +3       +7       +7
  Leaders                        357       +8       +6      -20
  Contenders                     323       +7      +51      -31
  Laggards                       400       -9      +55      -45
  Weak                           458       -3     -105     +103
  Above 20 SMA                  1257      +18     +937     +199
  Above 50 SMA                   997     +114     +554     -170
  Above 200 SMA                  987      +19     +165     -151
  High Volume                     72     -112      -74     -111
  Acc Early                      100      -38     -304      -14
  Acc Progress                   143      -22     +100     +114
  Acc Shift                      131      +55     +113      +34
  Large Total                    507       +7       +5       +5
  Large Leaders                   91       +5       -8      -16
  Mid Total                      583        0      +24      +24
  Mid Leaders                    166       -3       +7       +2
  Small Total                    448       -4      -22      -22
  Small Leaders                  100       +6       +7       -6

  LAYER 1 SECTOR BREAKDOWN
────────────────────────────────────────────────────────────────────────────────
  Sector                      Lead    dL5   dL63   Ab20 dA20_5   Ab50 dA50_5  Ab200 dA200_5   HVol
────────────────────────────────────────────────────────────────────────────────
  Health Care                   62     +2     -2    211     +7    153    +31    162    +11     11
  Financials                    66     +5      0    277    +14    253    +51    205     +8     13
  Information Technology        45     +1     -1    162    +34    132    +27    100     +3     11
  Consumer Discretionary        30      0     -7    126     +3     80    +20     69     +2     11
  Real Estate                   22     +1     +1     84     +7     72    +17     60     +2      1
  Industrials                   52      0     -8    202     -1    120     +2    145     +4     14
  Consumer Staples              14     -1     -1     27    -10     15     -7     29     -6      2
  Utilities                     11      0     -1     34    -16     32    -14     44     -4      1
  Energy                        22      0     -1     29    -19     57    -16     84     -1      3
  Materials                     17     -1     -1     56     -4     37     -3     53     -4      0
  Technology                     3     +1     +1      7     +3      5     +1      3      0      2
  Communication                  7      0      0     24     +1     25     +2     20      0      2
  Communication Services         6      0      0     17     -1     15     +3     12     +4      1
  Index                          0      0    n/a      1      0      1      0      1      0      0

════════════════════════════════════════════════════════════════════════════════
  LAYER 2 — SP500/NASDAQ QUALITY (~515 tickers with sector+industry)
────────────────────────────────────────────────────────────────────────────────
  Metric                       Today       D5      D20      D63
────────────────────────────────────────────────────────────────────────────────
  Total                          511       +7       +6       +6
  Leaders                         75       +3       -9      -16
  Contenders                      94       -5       -8      -24
  Laggards                       138       +1      +33      -14
  Weak                           204       +8      -10      +60
  Above 20 SMA                   371       -8     +277      +33
  Above 50 SMA                   266      +19     +119      -96
  Above 200 SMA                  281       +5      +35      -66
  High Volume                     13      -19       -7      -49
  Acc Early                       71      -15     -153       -2
  Large Leaders                   75       +3       -9      -16
  Mid Leaders                      0        0        0        0
  Small Leaders                    0        0        0        0

  LAYER 2 SECTOR BREAKDOWN
────────────────────────────────────────────────────────────────────────────────
  Sector                      Lead    dL5   dL63   Ab20 dA20_5   Ab50 dA50_5  Ab200 dA200_5   HVol
────────────────────────────────────────────────────────────────────────────────
  Health Care                    0     -1     -2     36    -11     18     -3     27      0      0
  Information Technology        16     -1     +1     56    +13     46    +11     33     +1      1
  Consumer Discretionary         8     +3     -4     44     +4     27    +12     21     +4      3
  Financials                    15     +4     -5     71     +8     62    +22     39     +6      2
  Consumer Staples               5      0     -2     13     -2      3     -7     15     -2      0
  Industrials                    7     -1     -7     60     -5     27     -5     48     -2      4
  Utilities                      6     -2     +1     16    -13     17    -10     27     -2      0
  Materials                      3     +1      0     19     -5     12     -2     18     -4      0
  Real Estate                    6      0     +2     30     +4     23     +6     16      0      0
  Energy                         0     -1     -1      1     -3     10     -9     21      0      0
  Technology                     3     +1     +1      7     +3      5     +1      3      0      2
  Communication Services         6      0      0     17     -1     15     +3     12     +4      1
  Index                          0      0    n/a      1      0      1      0      1      0      0

════════════════════════════════════════════════════════════════════════════════
  LAYER 3 — RUSSELL PROXY (~1042 tickers, no industry)
────────────────────────────────────────────────────────────────────────────────
  Metric                       Today       D5      D20      D63
────────────────────────────────────────────────────────────────────────────────
  Total                         1027       -4       +1       +1
  Leaders                        282       +5      +15       -4
  Contenders                     229      +12      +59       -7
  Laggards                       262      -10      +22      -31
  Weak                           254      -11      -95      +43
  Above 20 SMA                   886      +26     +660     +166
  Above 50 SMA                   731      +95     +435      -74
  Above 200 SMA                  706      +14     +130      -85
  High Volume                     59      -93      -67      -62
  Acc Early                       29      -23     -151      -12
  Large Leaders                   16       +2       +1        0
  Mid Leaders                    166       -3       +7       +2
  Small Leaders                  100       +6       +7       -6

  LAYER 3 SECTOR BREAKDOWN
────────────────────────────────────────────────────────────────────────────────
  Sector                      Lead    dL5   dL63   Ab20 dA20_5   Ab50 dA50_5  Ab200 dA200_5   HVol
────────────────────────────────────────────────────────────────────────────────
  Communication                  7      0      0     24     +1     25     +2     20      0      2
  Consumer Discretionary        22     -3     -3     82     -1     53     +8     48     -2      8
  Consumer Staples               9     -1     +1     14     -8     12      0     14     -4      2
  Energy                        22     +1      0     28    -16     47     -7     63     -1      3
  Financials                    51     +1     +5    206     +6    191    +29    166     +2     11
  Health Care                   62     +3      0    175    +18    135    +34    135    +11     11
  Industrials                   45     +1     -1    142     +4     93     +7     97     +6     10
  Information Technology        29     +2     -2    106    +21     86    +16     67     +2     10
  Materials                     14     -2     -1     37     +1     25     -1     35      0      0
  Real Estate                   16     +1     -1     54     +3     49    +11     44     +2      1
  Utilities                      5     +2     -2     18     -3     15     -4     17     -2      1
════════════════════════════════════════════════════════════════════════════════