════════════════════════════════════════════════════════════════════════════════
  US MARKET BREADTH — 2026-04-09
════════════════════════════════════════════════════════════════════════════════

  LAYER 1 — FULL UNIVERSE (1557 tickers)
────────────────────────────────────────────────────────────────────────────────
  Metric                       Today       D5      D20      D63
────────────────────────────────────────────────────────────────────────────────
  Total                         1541      +10      +10      +10
  Leaders                        357      +15       +4      -21
  Contenders                     321      +35      +26      -27
  Laggards                       412      +30      +80      -26
  Weak                           451      -70     -100      +84
  Above 20 SMA                  1212     +276     +877     +147
  Above 50 SMA                   925     +349     +450     -224
  Above 200 SMA                  992     +123     +133     -129
  High Volume                     85      +15     -110      -88
  Acc Early                      146     -130     -243      +40
  Acc Progress                   153       +5     +102     +120
  Acc Shift                       71      +38      +62      -47
  Large Total                    506       +3       +4       +4
  Large Leaders                   90       +1       -8      -17
  Mid Total                      582       +5      +23      +23
  Mid Leaders                    166      +10       +9       -1
  Small Total                    453       +2      -17      -17
  Small Leaders                  101       +4       +3       -3

  LAYER 1 SECTOR BREAKDOWN
────────────────────────────────────────────────────────────────────────────────
  Sector                      Lead    dL5   dL63   Ab20 dA20_5   Ab50 dA50_5  Ab200 dA200_5   HVol
────────────────────────────────────────────────────────────────────────────────
  Health Care                   62     +1     -2    202    +57    128    +32    155     +6     15
  Financials                    63     +2     -4    259    +29    213   +120    200    +24     22
  Information Technology        45     +4     -1    117    +20    102    +31     97    +17     19
  Consumer Discretionary        33     +8     -4    127    +54     71    +40     73    +23      1
  Real Estate                   22      0     +1     78    +35     62    +31     59     +7      4
  Industrials                   51     -1     -9    197    +61    126    +60    150    +23      7
  Consumer Staples              14      0     -1     43    +17     29     +8     35     +3      6
  Utilities                     12     +1      0     50     +6     46     +7     48     +3      0
  Energy                        22      0     -1     40    -24     70     -2     86     +1      5
  Materials                     17      0     -1     56    +10     39    +13     55    +11      0
  Technology                     3      0     +1      3     +1      3     +1      3      0      3
  Communication                  7      0      0     23     +3     23     +2     20     +1      2
  Communication Services         6      0      0     16     +6     12     +5     10     +3      1
  Index                          0      0    n/a      1     +1      1     +1      1     +1      0

════════════════════════════════════════════════════════════════════════════════
  LAYER 2 — SP500/NASDAQ QUALITY (~515 tickers with sector+industry)
────────────────────────────────────────────────────────────────────────────────
  Metric                       Today       D5      D20      D63
────────────────────────────────────────────────────────────────────────────────
  Total                          510       +4       +5       +5
  Leaders                         75        0       -9      -16
  Contenders                     100      +15       -9      -11
  Laggards                       139      +11      +37       -7
  Weak                           196      -22      -14      +39
  Above 20 SMA                   374     +110     +267      +30
  Above 50 SMA                   253     +104      +93     -102
  Above 200 SMA                  286      +42      +32      -43
  High Volume                     16       +9      -42      -34
  Acc Early                       92      -77     -118      +22
  Large Leaders                   75        0       -9      -16
  Mid Leaders                      0        0        0        0
  Small Leaders                    0        0        0        0

  LAYER 2 SECTOR BREAKDOWN
────────────────────────────────────────────────────────────────────────────────
  Sector                      Lead    dL5   dL63   Ab20 dA20_5   Ab50 dA50_5  Ab200 dA200_5   HVol
────────────────────────────────────────────────────────────────────────────────
  Health Care                    1      0      0     48    +21     18     +8     29     +4      0
  Information Technology        17      0     +1     38     +2     35    +10     33     +6      6
  Consumer Discretionary         6      0     -6     40    +21     18    +11     20     +6      0
  Financials                    14     +1     -8     62    +11     38    +26     34     +5      1
  Consumer Staples               4      0     -3     20     +6     12     +3     16      0      1
  Industrials                    7     -2     -8     64    +32     39    +24     53     +7      3
  Utilities                      8      0     +4     29     +4     27     +3     29     +2      0
  Materials                      2      0      0     21     +4     15     +7     21     +7      0
  Real Estate                    6     +1     +3     28    +12     17     +6     16     +1      0
  Energy                         1      0      0      4    -11     18     -1     21      0      1
  Technology                     3      0     +1      3     +1      3     +1      3      0      3
  Communication Services         6      0      0     16     +6     12     +5     10     +3      1
  Index                          0      0    n/a      1     +1      1     +1      1     +1      0

════════════════════════════════════════════════════════════════════════════════
  LAYER 3 — RUSSELL PROXY (~1042 tickers, no industry)
────────────────────────────────────────────────────────────────────────────────
  Metric                       Today       D5      D20      D63
────────────────────────────────────────────────────────────────────────────────
  Total                         1031       +6       +5       +5
  Leaders                        282      +15      +13       -5
  Contenders                     221      +20      +35      -16
  Laggards                       273      +19      +43      -19
  Weak                           255      -48      -86      +45
  Above 20 SMA                   838     +166     +610     +117
  Above 50 SMA                   672     +245     +357     -122
  Above 200 SMA                  706      +81     +101      -86
  High Volume                     69       +6      -68      -54
  Acc Early                       54      -53     -125      +18
  Large Leaders                   15       +1       +1       -1
  Mid Leaders                    166      +10       +9       -1
  Small Leaders                  101       +4       +3       -3

  LAYER 3 SECTOR BREAKDOWN
────────────────────────────────────────────────────────────────────────────────
  Sector                      Lead    dL5   dL63   Ab20 dA20_5   Ab50 dA50_5  Ab200 dA200_5   HVol
────────────────────────────────────────────────────────────────────────────────
  Communication                  7      0      0     23     +3     23     +2     20     +1      2
  Consumer Discretionary        27     +8     +2     87    +33     53    +29     53    +17      1
  Consumer Staples              10      0     +2     23    +11     17     +5     19     +3      5
  Energy                        21      0     -1     36    -13     52     -1     65     +1      4
  Financials                    49     +1     +4    197    +18    175    +94    166    +19     21
  Health Care                   61     +1     -2    154    +36    110    +24    126     +2     15
  Industrials                   44     +1     -1    133    +29     87    +36     97    +16      4
  Information Technology        28     +4     -2     79    +18     67    +21     64    +11     13
  Materials                     15      0     -1     35     +6     24     +6     34     +4      0
  Real Estate                   16     -1     -2     50    +23     45    +25     43     +6      4
  Utilities                      4     +1     -4     21     +2     19     +4     19     +1      0
════════════════════════════════════════════════════════════════════════════════