════════════════════════════════════════════════════════════════════════════════
  US MARKET BREADTH — 2026-04-06
════════════════════════════════════════════════════════════════════════════════

  LAYER 1 — FULL UNIVERSE (1557 tickers)
────────────────────────────────────────────────────────────────────────────────
  Metric                       Today       D5      D20      D63
────────────────────────────────────────────────────────────────────────────────
  Total                         1526       -7       -5       -5
  Leaders                        346      +18      -16      -30
  Contenders                     285      +25      -28      -65
  Laggards                       379       +8       +7       -8
  Weak                           516      -58      +32      +98
  Above 20 SMA                  1013     +594     +521     +163
  Above 50 SMA                   637     +261      +10     -388
  Above 200 SMA                  875      +98      -78     -195
  High Volume                     39      -76     -216     -147
  Acc Early                      237     -223      -17      +73
  Acc Progress                   167     +131      +85     +123
  Acc Shift                       41      +23      +11      -41
  Large Total                    500       -8       -2       -2
  Large Leaders                   86       +2      -14      -30
  Mid Total                      584      +28      +25      +25
  Mid Leaders                    164      +22       -1       +3
  Small Total                    442      -27      -28      -28
  Small Leaders                   96       -6       -1       -3

  LAYER 1 SECTOR BREAKDOWN
────────────────────────────────────────────────────────────────────────────────
  Sector                      Lead    dL5   dL63   Ab20 dA20_5   Ab50 dA50_5  Ab200 dA200_5   HVol
────────────────────────────────────────────────────────────────────────────────
  Health Care                   60     +1     -4    156   +102     96    +36    148    +14     13
  Financials                    63     +6     -4    245   +143    131    +96    177    +34      5
  Information Technology        43     +5     -3    108    +82     76    +41     82    +13      3
  Consumer Discretionary        27     +3    -10     95    +76     44    +22     57    +17      1
  Real Estate                   22     +1     +1     44    +35     27    +13     51     +6      2
  Industrials                   51     -1     -8    141   +103     73    +44    127    +15     12
  Consumer Staples              15     +1     +1     32     +9     24     +6     33     +2      0
  Utilities                     12      0     -1     45    +13     40     +3     45      0      1
  Energy                        22     -1      0     65     -5     71     -7     84     -4      1
  Materials                     16     +2     -2     46    +21     24     +3     41     -1      0
  Technology                     2     +1      0      2     +1      2      0      3     +1      0
  Communication                  7      0      0     21     +8     21     +4     18      0      1
  Communication Services         6      0      0     13     +6      8      0      9     +1      0

════════════════════════════════════════════════════════════════════════════════
  LAYER 2 — SP500/NASDAQ QUALITY (~515 tickers with sector+industry)
────────────────────────────────────────────────────────────────────────────────
  Metric                       Today       D5      D20      D63
────────────────────────────────────────────────────────────────────────────────
  Total                          504       -7       -1       -1
  Leaders                         72        0      -14      -26
  Contenders                      85       -6      -28      -28
  Laggards                       128       +9       +9       +7
  Weak                           219      -10      +32      +46
  Above 20 SMA                   299     +207     +126      -12
  Above 50 SMA                   171      +69      -52     -145
  Above 200 SMA                  242      +19      -44      -72
  High Volume                      4      -13      -55      -53
  Acc Early                      147     -114      +15      +49
  Large Leaders                   72        0      -14      -26
  Mid Leaders                      0        0        0        0
  Small Leaders                    0        0        0        0

  LAYER 2 SECTOR BREAKDOWN
────────────────────────────────────────────────────────────────────────────────
  Sector                      Lead    dL5   dL63   Ab20 dA20_5   Ab50 dA50_5  Ab200 dA200_5   HVol
────────────────────────────────────────────────────────────────────────────────
  Health Care                    1      0     -1     31    +21     12     +3     25     +4      2
  Information Technology        15     +1      0     39    +32     26    +17     26     +4      0
  Consumer Discretionary         6      0     -7     28    +26     10     +7     14      0      0
  Financials                    12     -1    -13     56    +48     18    +15     29     +5      1
  Consumer Staples               5     +1     -2     16     +6     12     +5     17     +1      0
  Industrials                    9     -2     -7     37    +36     20    +16     44     +5      0
  Utilities                      8      0     +3     25     +7     25      0     27     -1      0
  Materials                      2     -1      0     17    +10      7      0     13     -2      0
  Real Estate                    5     +2     +2     20    +19     11     +8     14     +2      1
  Energy                         1     -1     -1     15     -5     20     -2     21     -1      0
  Technology                     2     +1      0      2     +1      2      0      3     +1      0
  Communication Services         6      0      0     13     +6      8      0      9     +1      0

════════════════════════════════════════════════════════════════════════════════
  LAYER 3 — RUSSELL PROXY (~1042 tickers, no industry)
────────────────────────────────────────────────────────────────────────────────
  Metric                       Today       D5      D20      D63
────────────────────────────────────────────────────────────────────────────────
  Total                         1022        0       -4       -4
  Leaders                        274      +18       -2       -4
  Contenders                     200      +31        0      -37
  Laggards                       251       -1       -2      -15
  Weak                           297      -48        0      +52
  Above 20 SMA                   714     +387     +395     +175
  Above 50 SMA                   466     +192      +62     -243
  Above 200 SMA                  633      +79      -34     -123
  High Volume                     35      -63     -161      -94
  Acc Early                       90     -109      -32      +24
  Large Leaders                   14       +2        0       -4
  Mid Leaders                    164      +22       -1       +3
  Small Leaders                   96       -6       -1       -3

  LAYER 3 SECTOR BREAKDOWN
────────────────────────────────────────────────────────────────────────────────
  Sector                      Lead    dL5   dL63   Ab20 dA20_5   Ab50 dA50_5  Ab200 dA200_5   HVol
────────────────────────────────────────────────────────────────────────────────
  Communication                  7      0      0     21     +8     21     +4     18      0      1
  Consumer Discretionary        21     +3     -3     67    +50     34    +15     43    +17      1
  Consumer Staples              10      0     +3     16     +3     12     +1     16     +1      0
  Energy                        21      0     +1     50      0     51     -5     63     -3      1
  Financials                    51     +7     +9    189    +95    113    +81    148    +29      4
  Health Care                   59     +1     -3    125    +81     84    +33    123    +10     11
  Industrials                   42     +1     -1    104    +67     53    +28     83    +10     12
  Information Technology        28     +4     -3     69    +50     50    +24     56     +9      3
  Materials                     14     +3     -2     29    +11     17     +3     28     +1      0
  Real Estate                   17     -1     -1     24    +16     16     +5     37     +4      1
  Utilities                      4      0     -4     20     +6     15     +3     18     +1      1
════════════════════════════════════════════════════════════════════════════════