════════════════════════════════════════════════════════════════════════════════
  US MARKET BREADTH — 2026-04-20
════════════════════════════════════════════════════════════════════════════════

  LAYER 1 — FULL UNIVERSE (1557 tickers)
────────────────────────────────────────────────────────────────────────────────
  Metric                       Today       D5      D20      D63
────────────────────────────────────────────────────────────────────────────────
  Total                         1526      -12       +7       -5
  Leaders                        359       +9      +12      -19
  Contenders                     328       +1      +52      -28
  Laggards                       439      +27      +86      -12
  Weak                           400      -49     -143      +54
  Above 20 SMA                  1280      +68     +863     +191
  Above 50 SMA                  1122     +164     +682      -36
  Above 200 SMA                 1047      +54     +210     -103
  High Volume                     70       +5     -104     -131
  Acc Early                       62      -60     -329      -60
  Acc Progress                   109      -50      +62      +80
  Acc Shift                      153      +65     +134      +67
  Large Total                    503       -4       +4       +1
  Large Leaders                   90       -2       -2      -15
  Mid Total                      579       -4      +25      +20
  Mid Leaders                    166       +5       +9       -3
  Small Total                    444       -4      -22      -26
  Small Leaders                  103       +6       +5       -1

  LAYER 1 SECTOR BREAKDOWN
────────────────────────────────────────────────────────────────────────────────
  Sector                      Lead    dL5   dL63   Ab20 dA20_5   Ab50 dA50_5  Ab200 dA200_5   HVol
────────────────────────────────────────────────────────────────────────────────
  Health Care                   60      0     -4    212    +24    168    +33    163     +6     13
  Financials                    68     +5     +1    276     +8    264    +31    219    +15     16
  Information Technology        48     +2     +3    174    +42    150    +39    103     +2     13
  Consumer Discretionary        33     +5     -4    138    +17    115    +49     90    +23      4
  Real Estate                   22      0     +1     85     +4     81    +16     67     +7      1
  Industrials                   51     -1     -8    200     -3    149    +16    152     +2      9
  Consumer Staples              14     +1     -2     37     +2     23     +2     34     +1      2
  Utilities                     10     -1     -3     26    -13     29    -12     44     -1      3
  Energy                        21     -1     -2     24    -15     47    -20     80     -5      0
  Materials                     18     +1      0     60     -1     50     +5     62     +6      4
  Technology                     3      0     +1      8     +3      7     +4      3      0      1
  Communication                  6     -1     -1     22      0     23     -1     18     -2      4
  Communication Services         5     -1     -1     17      0     15     +2     11      0      0
  Index                          0      0    n/a      1      0      1      0      1      0      0

════════════════════════════════════════════════════════════════════════════════
  LAYER 2 — SP500/NASDAQ QUALITY (~515 tickers with sector+industry)
────────────────────────────────────────────────────────────────────────────────
  Metric                       Today       D5      D20      D63
────────────────────────────────────────────────────────────────────────────────
  Total                          506       -5       +4       +1
  Leaders                         74       -2       -4      -15
  Contenders                      92       -4       -5      -23
  Laggards                       161      +20      +53       +5
  Weak                           179      -19      -40      +34
  Above 20 SMA                   397      +33     +312      +65
  Above 50 SMA                   316      +59     +196      -44
  Above 200 SMA                  300      +16      +61      -48
  High Volume                      7       -6      -24      -75
  Acc Early                       40      -45     -195      -37
  Large Leaders                   74       -2       -4      -15
  Mid Leaders                      0        0        0        0
  Small Leaders                    0        0        0        0

  LAYER 2 SECTOR BREAKDOWN
────────────────────────────────────────────────────────────────────────────────
  Sector                      Lead    dL5   dL63   Ab20 dA20_5   Ab50 dA50_5  Ab200 dA200_5   HVol
────────────────────────────────────────────────────────────────────────────────
  Health Care                    0      0     -2     41     +5     27     +8     31     +4      1
  Information Technology        15     -1     +1     66    +18     54    +17     34     +1      0
  Consumer Discretionary         9     +3     -2     45     +6     36    +18     28     +9      1
  Financials                    14     -2     -5     69      0     63    +13     38      0      1
  Consumer Staples               5     +1     -2     21     +7      7     +1     16     -1      0
  Industrials                    9     +1     -5     64     +4     43     +8     51     +1      2
  Utilities                      6     -1     -1     12     -8     12    -14     26     -1      0
  Materials                      2     -1      0     21     -2     17     +1     22     +1      1
  Real Estate                    6      0     +2     31     +3     29    +10     20     +4      0
  Energy                         0     -1     -1      1     -3      5     -9     19     -2      0
  Technology                     3      0     +1      8     +3      7     +4      3      0      1
  Communication Services         5     -1     -1     17      0     15     +2     11      0      0
  Index                          0      0    n/a      1      0      1      0      1      0      0

════════════════════════════════════════════════════════════════════════════════
  LAYER 3 — RUSSELL PROXY (~1042 tickers, no industry)
────────────────────────────────────────────────────────────────────────────────
  Metric                       Today       D5      D20      D63
────────────────────────────────────────────────────────────────────────────────
  Total                         1020       -7       +3       -6
  Leaders                        285      +11      +16       -4
  Contenders                     236       +5      +57       -5
  Laggards                       278       +7      +33      -17
  Weak                           221      -30     -103      +20
  Above 20 SMA                   883      +35     +551     +126
  Above 50 SMA                   806     +105     +486       +8
  Above 200 SMA                  747      +38     +149      -55
  High Volume                     63      +11      -80      -56
  Acc Early                       22      -15     -134      -23
  Large Leaders                   16        0       +2        0
  Mid Leaders                    166       +5       +9       -3
  Small Leaders                  103       +6       +5       -1

  LAYER 3 SECTOR BREAKDOWN
────────────────────────────────────────────────────────────────────────────────
  Sector                      Lead    dL5   dL63   Ab20 dA20_5   Ab50 dA50_5  Ab200 dA200_5   HVol
────────────────────────────────────────────────────────────────────────────────
  Communication                  6     -1     -1     22      0     23     -1     18     -2      4
  Consumer Discretionary        24     +2     -2     93    +11     79    +31     62    +14      3
  Consumer Staples               9      0      0     16     -5     16     +1     18     +2      2
  Energy                        21      0     -1     23    -12     42    -11     61     -3      0
  Financials                    54     +7     +6    207     +8    201    +18    181    +15     15
  Health Care                   60      0     -2    171    +19    141    +25    132     +2     12
  Industrials                   42     -2     -3    136     -7    106     +8    101     +1      7
  Information Technology        33     +3     +2    108    +24     96    +22     69     +1     13
  Materials                     16     +2      0     39     +1     33     +4     40     +5      3
  Real Estate                   16      0     -1     54     +1     52     +6     47     +3      1
  Utilities                      4      0     -2     14     -5     17     +2     18      0      3
════════════════════════════════════════════════════════════════════════════════