════════════════════════════════════════════════════════════════════════════════
  US MARKET BREADTH — 2026-04-14
════════════════════════════════════════════════════════════════════════════════

  LAYER 1 — FULL UNIVERSE (1557 tickers)
────────────────────────────────────────────────────────────────────────────────
  Metric                       Today       D5      D20      D63
────────────────────────────────────────────────────────────────────────────────
  Total                         1535       -6       +4       +4
  Leaders                        353       +6        0      -26
  Contenders                     325      +35      +30      -25
  Laggards                       407      +14      +61      -14
  Weak                           450      -61      -87      +69
  Above 20 SMA                  1246     +238     +813     +250
  Above 50 SMA                   993     +345     +470     -122
  Above 200 SMA                  991     +100     +118     -119
  High Volume                     53      -23      -59      -90
  Acc Early                      106     -145     -247      -23
  Acc Progress                   142       -8      +91     +109
  Acc Shift                      118      +79      +91      +23
  Large Total                    501       -5       -1       -1
  Large Leaders                   90       +2       -4      -20
  Mid Total                      582        0      +23      +23
  Mid Leaders                    161       -4       -1       -7
  Small Total                    452       -1      -18      -18
  Small Leaders                  102       +8       +5       +1

  LAYER 1 SECTOR BREAKDOWN
────────────────────────────────────────────────────────────────────────────────
  Sector                      Lead    dL5   dL63   Ab20 dA20_5   Ab50 dA50_5  Ab200 dA200_5   HVol
────────────────────────────────────────────────────────────────────────────────
  Health Care                   62     +2     -2    211    +53    146    +47    162    +12     13
  Financials                    66     +4     -1    276    +39    243   +109    205    +25      8
  Information Technology        44     +1     -3    130    +11    113    +35     95     +7     12
  Consumer Discretionary        28      0     -9    126    +50     76    +36     70    +17      4
  Real Estate                   22      0     +1     82    +26     71    +37     59     +7      2
  Industrials                   52     +1     -7    211    +68    142    +71    150    +21      5
  Consumer Staples              13     -2     -2     36    +10     20     +1     31     -2      1
  Utilities                     10     -1     -3     40     -5     39     -4     44     -3      3
  Energy                        22      0     -1     27    -39     55    -19     84     -1      2
  Materials                     18     +1      0     62    +18     43    +20     56    +14      0
  Technology                     3      0     +1      6     +4      4     +2      3      0      1
  Communication                  7      0      0     23      0     25     +4     20      0      2
  Communication Services         6      0      0     15     +3     15     +5     11     +2      0
  Index                          0      0    n/a      1      0      1     +1      1     +1      0

════════════════════════════════════════════════════════════════════════════════
  LAYER 2 — SP500/NASDAQ QUALITY (~515 tickers with sector+industry)
────────────────────────────────────────────────────────────────────────────────
  Metric                       Today       D5      D20      D63
────────────────────────────────────────────────────────────────────────────────
  Total                          506       -4       +1       +1
  Leaders                         74        0       -6      -20
  Contenders                      91       +3      -20      -20
  Laggards                       146      +16      +38       +1
  Weak                           195      -23      -11      +40
  Above 20 SMA                   372      +95     +231      +46
  Above 50 SMA                   270     +116      +94      -73
  Above 200 SMA                  285      +33      +27      -50
  High Volume                      4       -4      -17      -38
  Acc Early                       76      -87     -117       -5
  Large Leaders                   74        0       -6      -20
  Mid Leaders                      0        0        0        0
  Small Leaders                    0        0        0        0

  LAYER 2 SECTOR BREAKDOWN
────────────────────────────────────────────────────────────────────────────────
  Sector                      Lead    dL5   dL63   Ab20 dA20_5   Ab50 dA50_5  Ab200 dA200_5   HVol
────────────────────────────────────────────────────────────────────────────────
  Health Care                    1      0     -1     46    +19     24    +14     32     +6      0
  Information Technology        15     -3     -1     45     +4     40    +12     32     +1      2
  Consumer Discretionary         8     +2     -5     40    +22     21    +15     21     +8      0
  Financials                    14     +4     -7     68    +16     52    +37     36     +6      1
  Consumer Staples               3     -2     -4     14     +4      3     -4     14     -2      0
  Industrials                    9     +1     -5     63    +26     39    +25     50     +3      0
  Utilities                      6     -1      0     21     -4     23     -2     27     -1      0
  Materials                      3      0      0     22     +7     15     +8     21     +7      0
  Real Estate                    6      0     +3     29     +9     22    +12     16     +2      0
  Energy                         0     -1     -1      2    -15     11     -9     21      0      0
  Technology                     3      0     +1      6     +4      4     +2      3      0      1
  Communication Services         6      0      0     15     +3     15     +5     11     +2      0
  Index                          0      0    n/a      1      0      1     +1      1     +1      0

════════════════════════════════════════════════════════════════════════════════
  LAYER 3 — RUSSELL PROXY (~1042 tickers, no industry)
────────────────────────────────────────────────────────────────────────────────
  Metric                       Today       D5      D20      D63
────────────────────────────────────────────────────────────────────────────────
  Total                         1029       -2       +3       +3
  Leaders                        279       +6       +6       -6
  Contenders                     234      +32      +50       -5
  Laggards                       261       -2      +23      -15
  Weak                           255      -38      -76      +29
  Above 20 SMA                   874     +143     +582     +204
  Above 50 SMA                   723     +229     +376      -49
  Above 200 SMA                  706      +67      +91      -69
  High Volume                     49      -19      -42      -52
  Acc Early                       30      -58     -130      -18
  Large Leaders                   16       +2       +2        0
  Mid Leaders                    161       -4       -1       -7
  Small Leaders                  102       +8       +5       +1

  LAYER 3 SECTOR BREAKDOWN
────────────────────────────────────────────────────────────────────────────────
  Sector                      Lead    dL5   dL63   Ab20 dA20_5   Ab50 dA50_5  Ab200 dA200_5   HVol
────────────────────────────────────────────────────────────────────────────────
  Communication                  7      0      0     23      0     25     +4     20      0      2
  Consumer Discretionary        20     -2     -4     86    +28     55    +21     49     +9      4
  Consumer Staples              10      0     +2     22     +6     17     +5     17      0      1
  Energy                        22     +1      0     25    -24     44    -10     63     -1      2
  Financials                    52      0     +6    208    +23    191    +72    169    +19      7
  Health Care                   61     +2     -1    165    +34    122    +33    130     +6     13
  Industrials                   43      0     -2    148    +42    103    +46    100    +18      5
  Information Technology        29     +4     -2     85     +7     73    +23     63     +6     10
  Materials                     15     +1      0     40    +11     28    +12     35     +7      0
  Real Estate                   16      0     -2     53    +17     49    +25     43     +5      2
  Utilities                      4      0     -3     19     -1     16     -2     17     -2      3
════════════════════════════════════════════════════════════════════════════════