════════════════════════════════════════════════════════════════════════════════
  US MARKET BREADTH — 2026-05-22
════════════════════════════════════════════════════════════════════════════════

  LAYER 1 — FULL UNIVERSE (1557 tickers)
────────────────────────────────────────────────────────────────────────────────
  Metric                       Today       D5      D20      D63
────────────────────────────────────────────────────────────────────────────────
  Total                         1496      -39      -40      -35
  Leaders                        337      -15      -27      -36
  Contenders                     308       +8      -18      -42
  Laggards                       414      +33       +7      -10
  Weak                           437      -65       -2      +53
  Above 20 SMA                   842     +307     -252      -93
  Above 50 SMA                   929     +134     -115      -60
  Above 200 SMA                  953      +41      -61     -148
  High Volume                     23      -98     -107     -204
  Acc Early                      221     -111      +64      +19
  Acc Progress                    54      +42      -19      +27
  Acc Shift                       85      +42      -35      +37
  Large Total                    496      -10       -4       -6
  Large Leaders                   86       +4        0      -19
  Mid Total                      570       -9      -15      +11
  Mid Leaders                    157       -7       -6       -7
  Small Total                    429      -20      -22      -41
  Small Leaders                   94      -12      -21      -10

  LAYER 1 SECTOR BREAKDOWN
────────────────────────────────────────────────────────────────────────────────
  Sector                      Lead    dL5   dL63   Ab20 dA20_5   Ab50 dA50_5  Ab200 dA200_5   HVol
────────────────────────────────────────────────────────────────────────────────
  Health Care                   56     -2     -6    125    +36    124     +9    145     -5      3
  Financials                    64     -2     -3    173   +118    211    +56    199    +11      0
  Information Technology        47      0     +3    135    +22    146    +14    116     +6     11
  Consumer Discretionary        30     +2     -7     77    +45     71    +22     67    +12      3
  Real Estate                   18     -2     -4     61    +38     67     +9     66     +6      0
  Industrials                   54     -1     -4    112    +22    139    +14    138     +8      3
  Consumer Staples              13     -1     -3     38    +12     35     +9     36     +7      1
  Utilities                      9     -1     -4     37    +32     26    +17     40     +8      0
  Energy                        19     -3     -3     41    -21     49    -13     75     -9      0
  Materials                     14     -2     -4     22     +3     27     -5     43     -2      0
  Technology                     2     -1     +1      5     -1      5     -1      3      0      0
  Communication                  6     -1     -1     11     +4     15      0     15      0      2
  Communication Services         5     -1     -1      4     -3     13     +3      9     -1      0
  Index                          0      0    n/a      1      0      1      0      1      0      0

════════════════════════════════════════════════════════════════════════════════
  LAYER 2 — SP500/NASDAQ QUALITY (~515 tickers with sector+industry)
────────────────────────────────────────────────────────────────────────────────
  Metric                       Today       D5      D20      D63
────────────────────────────────────────────────────────────────────────────────
  Total                          500      -11       -4       -5
  Leaders                         73       +4       +3      -18
  Contenders                      86       +3      -12      -30
  Laggards                       157      +10      +15      +15
  Weak                           184      -28      -10      +28
  Above 20 SMA                   298     +117       -5      -18
  Above 50 SMA                   289      +60      +22      -38
  Above 200 SMA                  291      +25       +7      -45
  High Volume                      7      -29      -21      -56
  Acc Early                      113      -79       -3       -4
  Large Leaders                   73       +4       +3      -18
  Mid Leaders                      0        0        0        0
  Small Leaders                    0        0        0        0

  LAYER 2 SECTOR BREAKDOWN
────────────────────────────────────────────────────────────────────────────────
  Sector                      Lead    dL5   dL63   Ab20 dA20_5   Ab50 dA50_5  Ab200 dA200_5   HVol
────────────────────────────────────────────────────────────────────────────────
  Health Care                    1      0     -1     41    +20     26     +9     30     +1      0
  Information Technology        12     -1     -3     54     +6     55     +5     41      0      5
  Consumer Discretionary         8     +2     -2     24    +19     17     +9     20     +6      1
  Financials                    17     +5     -4     46    +22     51    +13     41     +4      0
  Consumer Staples               4     -1     -4     26    +12     21     +6     21     +6      1
  Industrials                   10     +1     -2     30     +7     42     +7     44     +2      0
  Utilities                      6      0     -2     23    +22     14    +12     24     +6      0
  Materials                      3     +1      0      8     +1      8     -3     16     +1      0
  Real Estate                    4     -1     -1     23    +16     25     +6     23     +3      0
  Energy                         1      0     +1     13     -4     11     -6     18     -3      0
  Technology                     2     -1     +1      5     -1      5     -1      3      0      0
  Communication Services         5     -1     -1      4     -3     13     +3      9     -1      0
  Index                          0      0    n/a      1      0      1      0      1      0      0

════════════════════════════════════════════════════════════════════════════════
  LAYER 3 — RUSSELL PROXY (~1042 tickers, no industry)
────────────────────────────────────────────────────────────────────────────────
  Metric                       Today       D5      D20      D63
────────────────────────────────────────────────────────────────────────────────
  Total                          996      -28      -36      -30
  Leaders                        264      -19      -30      -18
  Contenders                     222       +5       -6      -12
  Laggards                       257      +23       -8      -25
  Weak                           253      -37       +8      +25
  Above 20 SMA                   544     +190     -247      -75
  Above 50 SMA                   640      +74     -137      -22
  Above 200 SMA                  662      +16      -68     -103
  High Volume                     16      -69      -86     -148
  Acc Early                      108      -32      +67      +23
  Large Leaders                   13        0       -3       -1
  Mid Leaders                    157       -7       -6       -7
  Small Leaders                   94      -12      -21      -10

  LAYER 3 SECTOR BREAKDOWN
────────────────────────────────────────────────────────────────────────────────
  Sector                      Lead    dL5   dL63   Ab20 dA20_5   Ab50 dA50_5  Ab200 dA200_5   HVol
────────────────────────────────────────────────────────────────────────────────
  Communication                  6     -1     -1     11     +4     15      0     15      0      2
  Consumer Discretionary        22      0     -5     53    +26     54    +13     47     +6      2
  Consumer Staples               9      0     +1     12      0     14     +3     15     +1      0
  Energy                        18     -3     -4     28    -17     38     -7     57     -6      0
  Financials                    47     -7     +1    127    +96    160    +43    158     +7      0
  Health Care                   55     -2     -5     84    +16     98      0    115     -6      3
  Industrials                   44     -2     -2     82    +15     97     +7     94     +6      3
  Information Technology        35     +1     +6     81    +16     91     +9     75     +6      6
  Materials                     11     -3     -4     14     +2     19     -2     27     -3      0
  Real Estate                   14     -1     -3     38    +22     42     +3     43     +3      0
  Utilities                      3     -1     -2     14    +10     12     +5     16     +2      0
════════════════════════════════════════════════════════════════════════════════