════════════════════════════════════════════════════════════════════════════════
  US MARKET BREADTH — 2026-04-10
════════════════════════════════════════════════════════════════════════════════

  LAYER 1 — FULL UNIVERSE (1557 tickers)
────────────────────────────────────────────────────────────────────────────────
  Metric                       Today       D5      D20      D63
────────────────────────────────────────────────────────────────────────────────
  Total                         1542      +11      +11      +11
  Leaders                        352      +10       +2      -25
  Contenders                     314      +28      +23      -42
  Laggards                       409      +27      +66      -28
  Weak                           467      -54      -80     +106
  Above 20 SMA                  1143     +207     +810     +102
  Above 50 SMA                   875     +299     +407     -283
  Above 200 SMA                  966      +97     +110     -168
  High Volume                     60      -10      -62      -74
  Acc Early                      194      -82     -191      +92
  Acc Progress                   137      -11      +89     +104
  Acc Shift                       65      +32      +51      -44
  Large Total                    511       +8       +9       +9
  Large Leaders                   88       -1       -5      -20
  Mid Total                      580       +3      +21      +21
  Mid Leaders                    164       +8       +3       -4
  Small Total                    451        0      -19      -19
  Small Leaders                  100       +3       +4       -1

  LAYER 1 SECTOR BREAKDOWN
────────────────────────────────────────────────────────────────────────────────
  Sector                      Lead    dL5   dL63   Ab20 dA20_5   Ab50 dA50_5  Ab200 dA200_5   HVol
────────────────────────────────────────────────────────────────────────────────
  Health Care                   61      0     -3    178    +33    111    +15    151     +2     13
  Financials                    63     +2     -4    242    +12    195   +102    196    +20      6
  Information Technology        45     +4     -2    110    +13     99    +28     94    +14     18
  Consumer Discretionary        28     +3     -9    117    +44     65    +34     64    +14      1
  Real Estate                   21     -1      0     78    +35     61    +30     58     +6      4
  Industrials                   53     +1     -6    190    +54    125    +59    149    +22      6
  Consumer Staples              14      0      0     39    +13     26     +5     35     +3      6
  Utilities                     11      0     -1     49     +5     47     +8     48     +3      0
  Energy                        22      0     -1     39    -25     66     -6     85      0      1
  Materials                     18     +1      0     60    +14     42    +16     56    +12      1
  Technology                     3      0     +1      3     +1      3     +1      3      0      2
  Communication                  7      0      0     21     +1     23     +2     18     -1      2
  Communication Services         6      0      0     16     +6     11     +4      8     +1      0
  Index                          0      0    n/a      1     +1      1     +1      1     +1      0

════════════════════════════════════════════════════════════════════════════════
  LAYER 2 — SP500/NASDAQ QUALITY (~515 tickers with sector+industry)
────────────────────────────────────────────────────────────────────────────────
  Metric                       Today       D5      D20      D63
────────────────────────────────────────────────────────────────────────────────
  Total                          515       +9      +10      +10
  Leaders                         74       -1       -5      -19
  Contenders                      88       +3      -20      -26
  Laggards                       145      +17      +36       -2
  Weak                           208      -10       -1      +57
  Above 20 SMA                   341      +77     +228       -4
  Above 50 SMA                   227      +78      +67     -133
  Above 200 SMA                  272      +28      +21      -67
  High Volume                     20      +13       -9      -11
  Acc Early                      123      -46      -92      +55
  Large Leaders                   74       -1       -5      -19
  Mid Leaders                      0        0        0        0
  Small Leaders                    0        0        0        0

  LAYER 2 SECTOR BREAKDOWN
────────────────────────────────────────────────────────────────────────────────
  Sector                      Lead    dL5   dL63   Ab20 dA20_5   Ab50 dA50_5  Ab200 dA200_5   HVol
────────────────────────────────────────────────────────────────────────────────
  Health Care                    1      0      0     37    +10     14     +4     26     +1      0
  Information Technology        18     +1     +2     37     +1     32     +7     33     +6      7
  Consumer Discretionary         5     -1     -8     36    +17     15     +8     16     +2      1
  Financials                    11     -2    -12     54     +3     29    +17     33     +4      3
  Consumer Staples               4      0     -3     17     +3     10     +1     16      0      3
  Industrials                    9      0     -6     59    +27     36    +21     51     +5      2
  Utilities                      6     -2     +2     28     +3     27     +3     29     +2      0
  Materials                      3     +1     +1     22     +5     15     +7     20     +6      0
  Real Estate                    7     +2     +4     28    +12     18     +7     16     +1      1
  Energy                         1      0      0      3    -12     16     -3     20     -1      1
  Technology                     3      0     +1      3     +1      3     +1      3      0      2
  Communication Services         6      0      0     16     +6     11     +4      8     +1      0
  Index                          0      0    n/a      1     +1      1     +1      1     +1      0

════════════════════════════════════════════════════════════════════════════════
  LAYER 3 — RUSSELL PROXY (~1042 tickers, no industry)
────────────────────────────────────────────────────────────────────────────────
  Metric                       Today       D5      D20      D63
────────────────────────────────────────────────────────────────────────────────
  Total                         1027       +2       +1       +1
  Leaders                        278      +11       +7       -6
  Contenders                     226      +25      +43      -16
  Laggards                       264      +10      +30      -26
  Weak                           259      -44      -79      +49
  Above 20 SMA                   802     +130     +582     +106
  Above 50 SMA                   648     +221     +340     -150
  Above 200 SMA                  694      +69      +89     -101
  High Volume                     40      -23      -53      -63
  Acc Early                       71      -36      -99      +37
  Large Leaders                   14        0        0       -1
  Mid Leaders                    164       +8       +3       -4
  Small Leaders                  100       +3       +4       -1

  LAYER 3 SECTOR BREAKDOWN
────────────────────────────────────────────────────────────────────────────────
  Sector                      Lead    dL5   dL63   Ab20 dA20_5   Ab50 dA50_5  Ab200 dA200_5   HVol
────────────────────────────────────────────────────────────────────────────────
  Communication                  7      0      0     21     +1     23     +2     18     -1      2
  Consumer Discretionary        23     +4     -1     81    +27     50    +26     48    +12      0
  Consumer Staples              10      0     +3     22    +10     16     +4     19     +3      3
  Energy                        21      0     -1     36    -13     50     -3     65     +1      0
  Financials                    52     +4     +8    188     +9    166    +85    163    +16      3
  Health Care                   60      0     -3    141    +23     97    +11    125     +1     13
  Industrials                   44     +1      0    131    +27     89    +38     98    +17      4
  Information Technology        27     +3     -4     73    +12     67    +21     61     +8     11
  Materials                     15      0     -1     38     +9     27     +9     36     +6      1
  Real Estate                   14     -3     -4     50    +23     43    +23     42     +5      3
  Utilities                      5     +2     -3     21     +2     20     +5     19     +1      0
════════════════════════════════════════════════════════════════════════════════