════════════════════════════════════════════════════════════════════════════════
  US MARKET BREADTH — 2026-04-27
════════════════════════════════════════════════════════════════════════════════

  LAYER 1 — FULL UNIVERSE (1557 tickers)
────────────────────────────────────────────────────────────────────────────────
  Metric                       Today       D5      D20      D63
────────────────────────────────────────────────────────────────────────────────
  Total                         1531      -12       -2        0
  Leaders                        358       -4      +30      -21
  Contenders                     324       -9      +64      -27
  Laggards                       419      -27      +48      -37
  Weak                           430      +28     -144      +85
  Above 20 SMA                  1067     -229     +648      +72
  Above 50 SMA                  1037      -99     +661      -74
  Above 200 SMA                 1012      -49     +235     -135
  High Volume                     71       -9      -44      -37
  Acc Early                      179     +117     -281      +49
  Acc Progress                    64      -44      +28      +38
  Acc Shift                      103      -52      +85      +26
  Large Total                    506       -1       -2       +4
  Large Leaders                   86       -2       +2      -20
  Mid Total                      576       -7      +20      +17
  Mid Leaders                    158       -7      +16      -12
  Small Total                    449       -4      -20      -21
  Small Leaders                  114       +5      +12      +11

  LAYER 1 SECTOR BREAKDOWN
────────────────────────────────────────────────────────────────────────────────
  Sector                      Lead    dL5   dL63   Ab20 dA20_5   Ab50 dA50_5  Ab200 dA200_5   HVol
────────────────────────────────────────────────────────────────────────────────
  Health Care                   58     -5     -6    140    -78    137    -37    146    -21     12
  Financials                    68      0     +1    236    -40    245    -19    220     +1      8
  Information Technology        48     +1     +2    150    -27    139    -14    107     +2     13
  Consumer Discretionary        30     -4     -7     99    -41     88    -29     75    -16      9
  Real Estate                   20     -1     -2     73    -11     69    -11     61     -6      2
  Industrials                   55     +3     -4    172    -34    151     -1    151     -4     13
  Consumer Staples              13     -1     -3     37     -1     24      0     33     -3      4
  Utilities                     12     +1      0     20     -6     29      0     46     +2      1
  Energy                        22     +1     -1     58    +33     68    +21     83      0      3
  Materials                     17      0     -1     42    -15     45     -4     56     -5      2
  Technology                     3     +1     +1      7      0      5     -1      3     +1      1
  Communication                  7      0      0     20     -4     24     -1     19     -1      2
  Communication Services         5      0     -1     12     -5     12     -3     11     +1      1
  Index                          0      0    n/a      1      0      1      0      1      0      0

════════════════════════════════════════════════════════════════════════════════
  LAYER 2 — SP500/NASDAQ QUALITY (~515 tickers with sector+industry)
────────────────────────────────────────────────────────────────────────────────
  Metric                       Today       D5      D20      D63
────────────────────────────────────────────────────────────────────────────────
  Total                          510       -1       -1       +5
  Leaders                         70       -3       -2      -19
  Contenders                     101       +8      +10      -14
  Laggards                       148      -15      +29      -11
  Weak                           191       +9      -38      +49
  Above 20 SMA                   292     -108     +200      -16
  Above 50 SMA                   262      -57     +160      -89
  Above 200 SMA                  289      -15      +66      -60
  High Volume                     14       +5       -3      -13
  Acc Early                      130      +90     -131      +48
  Large Leaders                   70       -3       -2      -19
  Mid Leaders                      0        0        0        0
  Small Leaders                    0        0        0        0

  LAYER 2 SECTOR BREAKDOWN
────────────────────────────────────────────────────────────────────────────────
  Sector                      Lead    dL5   dL63   Ab20 dA20_5   Ab50 dA50_5  Ab200 dA200_5   HVol
────────────────────────────────────────────────────────────────────────────────
  Health Care                    0      0     -2     21    -21     16    -12     26     -6      2
  Information Technology        14     -1      0     52    -14     48     -6     37     +3      2
  Consumer Discretionary         8     -1     -4     28    -17     22    -14     23     -5      4
  Financials                    14      0     -5     53    -18     51    -14     40      0      1
  Consumer Staples               3     -2     -4     18     -3      9     +2     15     -2      2
  Industrials                    8     -1     -5     46    -21     40     -5     50     -2      1
  Utilities                      7     +1     +2      9     -3     12      0     27     +1      0
  Materials                      2      0     -1     12     -8     12     -5     18     -4      0
  Real Estate                    6      0     +1     25     -5     21     -7     18     -1      0
  Energy                         0      0     -1      8     +7     13     +8     20     -1      0
  Technology                     3     +1     +1      7      0      5     -1      3     +1      1
  Communication Services         5      0     -1     12     -5     12     -3     11     +1      1
  Index                          0      0    n/a      1      0      1      0      1      0      0

════════════════════════════════════════════════════════════════════════════════
  LAYER 3 — RUSSELL PROXY (~1042 tickers, no industry)
────────────────────────────────────────────────────────────────────────────────
  Metric                       Today       D5      D20      D63
────────────────────────────────────────────────────────────────────────────────
  Total                         1021      -11       -1       -5
  Leaders                        288       -1      +32       -2
  Contenders                     223      -17      +54      -13
  Laggards                       271      -12      +19      -26
  Weak                           239      +19     -106      +36
  Above 20 SMA                   775     -121     +448      +88
  Above 50 SMA                   775      -42     +501      +15
  Above 200 SMA                  723      -34     +169      -75
  High Volume                     57      -14      -41      -24
  Acc Early                       49      +27     -150       +1
  Large Leaders                   16       +1       +4       -1
  Mid Leaders                    158       -7      +16      -12
  Small Leaders                  114       +5      +12      +11

  LAYER 3 SECTOR BREAKDOWN
────────────────────────────────────────────────────────────────────────────────
  Sector                      Lead    dL5   dL63   Ab20 dA20_5   Ab50 dA50_5  Ab200 dA200_5   HVol
────────────────────────────────────────────────────────────────────────────────
  Communication                  7      0      0     20     -4     24     -1     19     -1      2
  Consumer Discretionary        22     -3     -3     71    -24     66    -15     52    -11      5
  Consumer Staples              10     +1     +1     19     +2     15     -2     18     -1      2
  Energy                        22     +1      0     50    +26     55    +13     63     +1      3
  Financials                    54      0     +6    183    -22    194     -5    180     +1      7
  Health Care                   58     -5     -4    119    -57    121    -25    120    -15     10
  Industrials                   47     +4     +1    126    -13    111     +4    101     -2     12
  Information Technology        34     +2     +2     98    -13     91     -8     70     -1     11
  Materials                     15      0      0     30     -7     33     +1     38     -1      2
  Real Estate                   14     -1     -3     48     -6     48     -4     43     -5      2
  Utilities                      5      0     -2     11     -3     17      0     19     +1      1
════════════════════════════════════════════════════════════════════════════════