rank,delta_rank,ticker,name,sector,industry,cap_band,close,peer_rs_score,rs_5,rs_21,rs_63,rs_trend,ret_6m,ret_12m,ret_24m,max_dd,persist_frac,vol_63,rel_vol,vol_label,acc_watch,sma20,sma50,sma200,pass_trend,mqs,regime_label,score_final
1,0,TERN,TERNS PHARMACEUTICALS INC,Health Care,,mid,52.79,100.0,-0.0188,0.2897,0.3653,STRONG_DOWN,575.93,2020.08,695.03,-27.56,56.8,48.08,1.9797,HIGH,-,48.3355,42.2308,22.4243,1,2386.451,LEADER,545.8272
2,0,FOLD,AMICUS THERAPEUTICS INC,Health Care,,mid,14.44,73.08,-0.0109,0.0561,0.0727,STRONG_DOWN,87.29,80.73,27.0,-29.5,48.4,2.65,0.6439,LOW,-,14.393,14.3452,10.1536,1,1474.3902,CONTENDER,274.9469
3,0,CELC,CELCUITY INC,Health Care,,mid,112.93,98.46,-0.028,0.0552,0.1909,STRONG_DOWN,149.73,1106.52,475.0,-27.68,55.6,51.81,1.015,MED,-,111.862,109.8564,73.5406,1,1187.461,LEADER,252.7475
7,0,PRAX,PRAXIS PRECISION MEDICINES INC,Health Care,,mid,319.28,98.08,0.0432,0.0305,0.1419,FLAT,502.19,760.36,474.55,-36.33,54.4,59.27,0.8931,LOW,-,301.943,313.678,173.2083,1,697.885,LEADER,141.3207
8,0,TNGX,TANGO THERAPEUTICS INC,Health Care,,mid,21.22,99.23,0.0568,0.7667,1.4537,STRONG_DOWN,166.08,1448.91,180.69,-27.15,51.2,110.57,0.7526,LOW,-,18.597,14.749,9.5253,1,670.9228,LEADER,135.5596
9,0,COGT,COGENT BIOSCIENCES INC,Health Care,,mid,35.24,97.69,-0.0559,0.0004,0.0508,STRONG_DOWN,149.4,516.08,422.07,-29.72,50.0,51.63,3.8809,HIGH,-,35.803,37.0164,24.5892,1,499.7908,LEADER,124.7315
10,0,KOD,KODIAK SCIENCES INC,Health Care,,small,42.81,99.62,0.0651,0.6435,0.5898,FLAT,171.64,1503.37,888.68,-32.4,54.8,170.55,2.4614,HIGH,-,27.236,25.917,17.5883,1,483.0532,LEADER,123.909
12,0,ERAS,ERASCA INC,Health Care,,mid,16.6,98.85,0.0834,0.1464,3.521,STRONG_DOWN,651.13,1217.46,672.09,-31.65,53.2,120.41,0.8162,LOW,-,14.959,13.1617,5.1647,1,537.9029,LEADER,112.009
14,0,HOLX,Hologic,Health Care,Health Care Equipment,large,75.6,47.31,-0.0128,0.0475,0.0736,STRONG_DOWN,12.77,24.83,-0.63,-14.52,50.8,2.51,0.8332,LOW,-,75.463,75.2572,71.166,1,502.634,LAGGARD,96.1995
18,0,ARWR,ARROWHEAD PHARMACEUTICALS INC,Health Care,,mid,62.92,96.92,0.0237,0.015,0.0064,STRONG_UP,79.72,395.82,140.24,-24.64,56.4,53.52,0.5706,LOW,-,58.596,62.6745,43.1253,1,417.1234,LEADER,87.2121
21,1,ORKA,ORUKA THERAPEUTICS INC,Health Care,,small,50.43,97.31,0.0977,0.4897,0.7225,STRONG_DOWN,170.84,435.35,356.95,-28.03,54.4,77.61,1.8591,HIGH,-,40.084,36.2674,25.0923,1,305.1547,LEADER,77.9554
25,1,INDV,INDIVIOR PHARMACEUTICALS INC,Health Care,,mid,30.65,90.38,0.0117,0.0015,-0.0905,STRONG_UP,30.65,221.95,47.07,-21.37,53.2,33.53,0.5912,LOW,-,30.748,32.5926,27.3925,1,352.1605,LEADER,73.8635
27,1,INBX,INHIBRX BIOSCIENCES INC,Health Care,,small,67.05,96.15,0.0075,-0.0533,-0.096,STRONG_UP,97.32,375.53,436.11,-37.56,56.0,65.73,0.8905,LOW,-,67.0435,73.9532,53.375,1,319.942,LEADER,69.737
28,1,TYRA,TYRA BIOSCIENCES INC,Health Care,,mid,38.28,93.85,-0.0051,0.1338,0.5147,STRONG_DOWN,185.25,342.54,128.13,-18.78,56.8,57.64,0.8668,LOW,-,36.5092,33.3935,20.0713,1,337.5514,LEADER,69.2635
29,1,STOK,STOKE THERAPEUTICS INC,Health Care,,small,31.99,96.54,-0.0624,-0.0223,0.0665,STRONG_DOWN,35.61,384.7,144.57,-37.16,55.6,66.83,0.8563,LOW,-,34.0595,33.0894,25.8465,1,320.0531,LEADER,67.9214
34,2,KYMR,KYMERA THERAPEUTICS INC,Health Care,,mid,84.93,90.77,0.0476,0.0348,0.1502,FLAT,55.38,222.19,125.64,-27.74,52.8,44.46,0.8626,LOW,-,80.423,80.7798,62.9121,1,263.8726,LEADER,58.7958
37,2,DNTH,DIANTHUS THERAPEUTICS INC,Health Care,,mid,84.56,95.77,0.014,0.4117,1.1106,STRONG_DOWN,117.21,373.46,216.82,-22.91,50.0,81.08,1.0335,MED,-,78.9655,62.4988,39.5587,1,230.3035,LEADER,56.8429
38,2,RLAY,RELAY THERAPEUTICS INC,Health Care,,small,10.77,93.46,0.0526,0.1096,0.3317,STRONG_DOWN,102.44,332.53,41.71,-19.68,54.0,66.11,0.9917,LOW,-,10.0475,9.2382,6.45,1,271.6174,LEADER,55.7989
41,2,DFTX,DEFINIUM THERAPEUTICS INC,Health Care,,small,20.6,91.92,0.076,0.2084,0.5971,STRONG_DOWN,67.07,245.06,109.14,-24.79,52.0,60.9,1.753,HIGH,-,18.3285,17.6294,12.5651,1,209.2455,LEADER,55.1603
43,2,OLMA,OLEMA PHARMACEUTICALS INC,Health Care,,small,15.12,95.0,0.0592,-0.3305,-0.3399,STRONG_UP,36.96,354.05,39.48,-62.55,50.0,84.16,0.6817,LOW,-,15.4835,20.9682,14.6983,1,210.3458,LEADER,54.3558
57,2,MBX,MBX BIOSCIENCES INC,Health Care,,small,32.29,95.38,0.1298,0.0798,0.0824,FLAT,80.39,363.27,36.53,-37.6,52.0,89.38,0.648,LOW,-,28.9973,33.6583,23.1105,1,211.346,LEADER,49.2029
58,2,PACS,PACS GROUP INC,Health Care,,mid,31.67,88.46,-0.0324,-0.0805,-0.1197,STRONG_UP,125.73,208.67,37.7,-42.03,47.6,54.16,0.5745,LOW,-,33.613,35.871,22.776,1,183.3993,LEADER,48.9319
60,2,INSM,Insmed Incorporated,Health Care,Biotechnology,large,164.86,82.69,0.1053,0.1484,0.0059,FLAT,11.94,124.48,526.84,-35.67,56.4,45.61,1.1166,MED,-,145.318,150.2892,150.4216,1,153.9315,LEADER,48.77
64,2,IMNM,IMMUNOME INC,Health Care,,mid,22.45,91.54,0.0883,0.0454,0.1038,FLAT,97.97,234.58,4.96,-28.44,52.0,59.31,0.7276,LOW,-,20.768,22.5546,16.1463,1,205.6637,LEADER,48.5585
68,2,SYRE,SPYRE THERAPEUTICS INC,Health Care,,mid,48.9,89.23,0.0174,0.2412,0.5513,STRONG_DOWN,197.08,215.69,42.52,-23.82,53.2,63.32,1.2009,MED,-,43.5035,39.3683,26.0951,1,181.2157,LEADER,46.5685
76,2,AMLX,AMYLYX PHARMACEUTICALS INC,Health Care,,small,14.35,92.31,0.0537,0.002,0.2466,FLAT,2.5,279.63,447.71,-27.93,51.2,70.83,0.6494,LOW,-,13.9955,14.3747,12.0096,1,202.1324,LEADER,45.4403
79,2,CMPX,COMPASS THERAPEUTICS,Health Care,,small,5.43,90.0,0.0071,0.0028,0.0698,FLAT,61.61,221.3,201.67,-24.66,52.4,57.18,0.8553,LOW,-,5.347,5.8488,4.4007,1,202.8019,LEADER,44.7314
85,2,CAPR,CAPRICOR THERAPEUTICS INC,Health Care,,small,30.12,88.85,-0.006,0.2296,0.1023,FLAT,285.17,209.24,337.16,-67.67,49.2,78.24,1.2836,MED,-,30.2085,27.0758,15.3274,1,131.5775,LEADER,43.9555
86,2,TSHA,TAYSHA GENE THERAPIES INC,Health Care,,small,4.31,91.15,-0.014,-0.0229,-0.1611,STRONG_UP,35.53,226.52,59.04,-31.13,51.6,62.64,0.6044,LOW,-,4.4418,4.5643,4.0224,1,186.5929,LEADER,43.9107
87,2,RAPP,RAPPORT THERAPEUTICS INC,Health Care,,small,31.67,89.62,0.0804,0.1279,0.1025,FLAT,10.46,217.97,52.26,-28.82,51.6,58.09,0.8421,LOW,-,28.8005,28.3127,23.8704,1,193.6194,LEADER,43.8014
88,2,JNJ,Johnson & Johnson,Health Care,Pharmaceuticals,large,244.12,66.15,0.0088,0.0437,0.2445,STRONG_DOWN,32.75,61.51,64.19,-8.42,56.0,15.95,0.7187,LOW,-,240.2895,237.8317,196.1816,1,215.9593,CONTENDER,43.37
91,2,PVLA,PALVELLA THERAPEUTICS INC,Health Care,,small,120.38,94.23,0.0119,-0.0633,0.2088,FLAT,90.38,346.35,745.37,-29.93,52.0,111.32,1.1298,MED,-,123.666,106.0482,75.0772,1,161.7866,LEADER,43.1333
92,2,ANAB,ANAPTYSBIO INC,Health Care,,small,56.73,87.69,-0.1387,-0.0148,0.2288,STRONG_DOWN,77.45,199.05,172.22,-28.15,51.6,67.79,2.1884,HIGH,-,61.6322,55.7474,37.6702,1,151.5126,LEADER,42.8984
103,2,BTSG,BRIGHTSPRING HEALTH SERVICES INC,Health Care,,mid,42.03,83.85,-0.0303,0.0501,0.181,STRONG_DOWN,40.85,131.19,297.63,-20.75,54.8,45.54,1.0636,MED,-,41.805,40.6262,31.7963,1,157.8636,LEADER,40.5475
108,4,RCUS,ARCUS BIOSCIENCES INC,Health Care,,mid,21.84,86.92,0.0181,0.0114,-0.0282,STRONG_UP,62.02,176.81,23.25,-27.78,54.8,74.13,1.1749,MED,-,22.071,21.4558,16.9798,1,130.7025,LEADER,39.4681
123,3,BKD,BROOKDALE SENIOR LIVING INC,Health Care,,mid,13.86,83.08,-0.0022,-0.032,0.3432,FLAT,61.92,129.47,112.58,-20.1,57.2,46.33,0.6653,LOW,-,14.09,14.6624,10.2706,1,159.8466,LEADER,37.5757
132,2,PAHC,PHIBRO ANIMAL HEALTH CORP CLASS A,Health Care,,mid,54.76,85.77,-0.0306,0.1038,0.5278,STRONG_DOWN,34.89,153.38,351.77,-24.52,50.8,58.09,1.3515,MED,-,52.186,49.5792,39.4356,1,134.1283,LEADER,37.0186
135,1,MAZE,MAZE THERAPEUTICS INC,Health Care,,mid,29.05,87.31,-0.0955,-0.3267,-0.2435,FLAT,12.55,180.14,82.13,-44.03,52.8,92.45,1.3278,MED,EARLY,43.302,44.7424,30.5946,0,102.8786,LAGGARD,36.7795
139,0,ZYME,ZYMEWORKS INC,Health Care,,small,25.94,81.92,0.039,0.0766,0.0439,FLAT,53.13,117.62,181.04,-20.81,53.2,43.66,1.4942,MED,-,24.2038,23.5869,19.5329,1,143.3176,LEADER,36.4664
140,0,CGON,CG ONCOLOGY INC,Health Care,,mid,66.79,88.08,-0.0098,0.1333,0.6673,STRONG_DOWN,69.26,200.31,64.91,-29.9,52.4,74.08,0.8787,LOW,-,64.626,58.7572,41.4549,1,141.6913,LEADER,36.3556
143,0,PTGX,PROTAGONIST THERAPEUTICS INC,Health Care,,mid,103.67,81.54,0.0031,0.1417,0.2456,STRONG_DOWN,61.98,115.08,270.38,-16.38,55.6,39.36,0.7162,LOW,-,98.3205,90.2258,74.6274,1,162.5664,LEADER,36.067
145,1,SNDX,SYNDAX PHARMACEUTICALS INC,Health Care,,mid,23.88,75.38,-0.0448,0.153,0.1953,STRONG_DOWN,52.3,84.12,2.53,-38.3,52.0,46.66,1.6512,HIGH,-,23.6765,21.9782,16.9867,1,93.744,LEADER,35.8632
148,-37,GLUE,MONTE ROSA THERAPEUTICS INC,Health Care,,small,17.17,93.08,0.0841,-0.0291,0.1537,FLAT,128.93,289.34,152.5,-41.84,50.0,108.52,,LOW,-,16.265,18.4226,12.1577,1,133.3129,LEADER,35.5946
150,0,LQDA,LIQUIDIA CORP,Health Care,,mid,37.47,86.15,0.0074,0.1383,0.1451,STRONG_DOWN,69.93,158.06,143.63,-37.82,53.6,68.18,0.7241,LOW,-,36.5255,37.5418,28.2226,1,124.2579,LEADER,35.1799
151,0,EWTX,EDGEWISE THERAPEUTICS INC,Health Care,,mid,33.14,80.77,0.0354,0.196,0.3941,STRONG_DOWN,114.64,113.53,87.55,-26.42,51.2,54.57,1.6305,HIGH,-,30.178,29.7486,20.6259,1,106.5198,LEADER,34.9926
153,0,GH,GUARDANT HEALTH INC,Health Care,,large,91.15,80.0,0.023,0.0284,-0.0523,FLAT,45.49,109.59,338.43,-28.73,52.8,49.34,0.8277,LOW,-,87.9015,98.1756,79.6117,1,117.2734,LEADER,34.6617
160,0,AXGN,AXOGEN INC,Health Care,,small,33.58,78.46,0.0296,0.1977,0.0846,FLAT,87.91,89.82,329.96,-47.48,54.0,47.57,1.3043,MED,-,31.587,32.7188,23.0987,1,101.9663,LEADER,33.3578
164,0,SLS,SELLAS LIFE SCIENCES GROUP INC,Health Care,,small,4.21,92.69,-0.1611,-0.1918,0.1754,FLAT,149.11,286.24,256.78,-36.53,50.0,115.74,0.5394,LOW,-,5.0665,4.5556,2.6664,1,123.6558,LEADER,32.8823
183,1,NUVB,NUVATION BIO INC CLASS A,Health Care,,small,4.51,85.38,0.0087,-0.0003,-0.4413,STRONG_UP,21.89,151.96,30.72,-57.55,51.6,81.36,0.5722,LOW,-,4.4085,5.1206,4.6716,0,96.3728,LAGGARD,31.1544
185,1,AUPH,AURINIA PHARMACEUTICALS INC,Health Care,,small,15.47,78.08,0.048,0.0771,0.0286,FLAT,35.7,88.89,204.53,-15.91,50.0,36.53,1.3913,MED,-,14.4295,14.489,12.9735,1,121.6656,LEADER,30.9323
199,0,TXG,10X GENOMICS INC CLASS A,Health Care,,mid,22.05,85.0,0.0677,0.0342,0.4106,FLAT,77.97,149.15,-38.94,-28.03,50.0,70.95,0.9372,LOW,-,19.6885,20.0502,15.772,1,105.111,LEADER,29.905
200,12,LGND,LIGAND PHARMACEUTICALS INC,Health Care,,mid,199.62,75.0,-0.0317,0.0038,0.1145,STRONG_DOWN,11.47,83.59,172.67,-13.21,52.8,37.58,1.1752,MED,-,205.2765,198.1168,176.1436,1,117.4475,LEADER,29.8149
210,-1,MIRM,MIRUM PHARMACEUTICALS INC,Health Care,,mid,94.62,80.38,0.053,0.0655,0.2565,STRONG_DOWN,29.62,110.27,275.33,-20.55,55.2,50.89,0.9952,LOW,-,90.291,96.1384,75.0077,1,119.6054,LEADER,29.4181
211,-1,VERA,VERA THERAPEUTICS INC CLASS A,Health Care,,mid,40.5,68.85,-0.0057,0.0699,-0.1449,FLAT,40.67,71.68,-0.86,-39.83,49.6,48.08,1.4068,MED,-,39.9245,41.9943,33.218,1,73.9491,CONTENDER,29.3986
214,1,BBIO,BRIDGEBIO PHARMA INC,Health Care,,large,74.45,81.15,0.0141,0.1673,0.032,FLAT,39.21,115.05,158.51,-20.25,52.8,58.68,0.7955,LOW,-,70.053,71.6276,61.2277,1,103.5207,LEADER,29.1738
218,0,EYPT,EYEPOINT INC,Health Care,,small,13.02,84.62,-0.0147,-0.2284,-0.232,STRONG_UP,0.77,142.46,-35.8,-37.14,53.2,72.35,0.6605,LOW,-,13.7285,14.5698,13.307,0,104.7515,LAGGARD,28.9553
219,0,GRDN,GUARDIAN PHARMACY SERVICES INC CLA,Health Care,,mid,37.62,70.0,0.0511,0.1308,0.3089,STRONG_DOWN,54.5,74.73,135.12,-25.83,54.4,48.35,2.13,HIGH,-,34.772,33.3684,27.8559,1,84.0842,CONTENDER,28.9396
222,0,NHC,NATIONAL HEALTHCARE CORP,Health Care,,mid,157.97,69.23,-0.0283,-0.0341,0.2155,FLAT,27.83,71.86,83.95,-13.13,52.8,34.15,1.3013,MED,-,160.2886,157.7255,127.6644,1,111.1101,CONTENDER,28.8611
230,0,ALMS,ALUMIS INC,Health Care,,mid,22.73,83.46,-0.148,-0.1644,1.3876,FLAT,459.85,131.0,70.9,-72.19,47.6,208.13,0.5255,LOW,-,25.063,26.3385,11.441,1,29.9592,LEADER,28.1862
232,0,IRMD,IRADIMED CORP,Health Care,,small,96.54,74.62,-0.0339,-0.0333,0.053,STRONG_DOWN,38.35,82.78,132.31,-9.67,54.8,33.05,0.8998,LOW,-,99.3562,99.9432,82.2528,1,137.2499,CONTENDER,28.1299
238,0,IDYA,IDEAYA BIOSCIENCES INC,Health Care,,mid,32.48,79.23,0.0005,-0.0152,-0.0051,FLAT,18.71,98.65,-21.73,-20.05,52.8,48.59,0.8898,LOW,-,32.8545,32.9104,29.425,1,107.2022,LEADER,27.8664
242,-1,CYTK,CYTOKINETICS INC,Health Care,,mid,66.61,67.31,0.0377,0.1182,0.107,FLAT,19.29,65.49,-6.14,-30.48,52.0,42.88,1.2241,MED,-,62.377,63.6448,54.4601,1,79.4197,CONTENDER,27.6561
243,-1,VTRS,Viatris,Health Care,Pharmaceuticals,large,13.63,66.92,0.0078,-0.0172,0.1628,FLAT,37.82,64.73,24.73,-18.97,56.0,35.51,0.9338,LOW,-,13.6223,14.2146,11.1769,1,102.0747,CONTENDER,27.5942
246,-1,PCVX,VAXCYTE INC,Health Care,,mid,58.5,69.62,0.0576,0.0214,0.3265,FLAT,53.83,73.64,-9.2,-20.6,49.2,44.81,1.9048,HIGH,-,56.173,56.2564,43.4279,1,80.8567,CONTENDER,27.5333
260,-1,APGE,APOGEE THERAPEUTICS INC,Health Care,,mid,84.24,82.31,0.0626,0.2135,0.1747,FLAT,113.92,122.68,40.63,-26.99,50.0,67.05,0.6376,LOW,-,74.538,71.3109,57.0745,1,91.4843,LEADER,27.0277
263,-1,ADPT,ADAPTIVE BIOTECHNOLOGIES CORP,Health Care,,mid,14.43,73.46,0.022,-0.074,-0.0561,FLAT,-0.89,81.74,384.23,-39.35,50.4,65.74,1.2008,MED,PROGRESS,13.8205,15.6424,14.6035,0,62.665,LAGGARD,26.6382
264,-1,TVTX,TRAVERE THERAPEUTICS INC,Health Care,,mid,31.42,70.77,0.1137,0.1634,-0.1224,FLAT,26.74,75.14,346.31,-34.61,54.0,60.12,1.1754,MED,-,27.9675,29.1735,26.4302,1,67.4904,CONTENDER,26.637
265,-1,RYTM,RHYTHM PHARMACEUTICALS INC,Health Care,,mid,88.12,68.08,0.0643,0.0168,-0.1214,STRONG_UP,-11.89,69.59,120.02,-35.54,51.6,56.06,1.1409,MED,PROGRESS,87.1635,95.553,96.8705,0,64.0554,LAGGARD,26.629
272,-1,SVRA,SAVARA INC,Health Care,,small,5.58,76.54,0.0512,0.0414,-0.0193,STRONG_UP,57.63,85.38,19.49,-42.94,50.8,53.29,0.7191,LOW,-,5.266,5.5088,4.3478,1,81.3925,LEADER,26.3221
281,-1,MDGL,MADRIGAL PHARMACEUTICALS INC,Health Care,,large,529.84,65.38,0.0097,0.2671,-0.0348,FLAT,17.97,58.35,116.7,-29.36,48.0,48.03,1.1274,MED,-,460.8705,465.7796,445.6007,1,58.3138,CONTENDER,25.9278
295,0,SUPN,SUPERNUS PHARMACEUTICALS INC,Health Care,,mid,51.44,64.62,0.001,-0.0262,0.0937,FLAT,7.08,56.73,55.08,-22.6,54.0,32.34,0.8543,LOW,-,50.899,51.029,45.8289,1,94.7316,CONTENDER,25.4571
298,0,OMER,OMEROS CORP,Health Care,,small,12.08,61.54,0.1612,0.0907,-0.2415,STRONG_UP,191.79,50.81,296.07,-62.92,46.0,65.49,2.995,HIGH,-,10.998,11.4106,7.8425,1,35.6898,CONTENDER,25.4276
306,-1,AMRX,AMNEAL PHARMACEUTICALS INC CLASS A,Health Care,,mid,12.71,63.85,0.0423,0.0041,0.0674,FLAT,22.45,55.57,118.76,-22.12,53.6,32.04,0.6944,LOW,-,12.3968,13.4965,11.0933,1,92.9621,CONTENDER,24.9873
310,-1,MRK,Merck & Co.,Health Care,Pharmaceuticals,large,120.84,60.0,0.0044,0.0606,0.2152,STRONG_DOWN,36.22,44.61,-1.08,-15.16,52.8,23.3,0.5323,LOW,-,116.5598,116.4166,94.8336,1,101.0838,CONTENDER,24.9185
321,-1,DYN,DYNE THERAPEUTICS INC,Health Care,,mid,18.1,74.23,-0.0359,0.2369,-0.0193,FLAT,44.8,82.64,-34.99,-44.65,49.2,73.44,0.6417,LOW,-,17.8825,17.161,15.59,1,55.3659,CONTENDER,24.5478
324,-2,MRNA,Moderna,Health Care,Biotechnology,large,50.03,72.69,-0.0777,-0.0862,0.7552,FLAT,81.27,80.48,-51.71,-35.51,51.6,81.06,0.6805,LOW,-,52.5365,49.1004,33.4226,1,51.233,CONTENDER,24.5181
328,-1,URGN,UROGEN PHARMA LTD,Health Care,,small,18.94,67.69,0.0465,-0.0123,-0.136,STRONG_UP,6.31,69.11,34.42,-66.24,47.2,61.05,0.7705,LOW,-,18.479,19.7924,19.5937,0,53.4293,LAGGARD,24.3325
330,-2,LIVN,LIVANOVA PLC,Health Care,,mid,64.63,66.54,0.0038,0.0388,0.109,STRONG_DOWN,27.7,63.62,18.98,-17.66,50.0,31.61,0.8085,LOW,-,62.4425,64.8808,56.6595,1,100.6331,CONTENDER,24.3089
331,-2,CAH,Cardinal Health,Health Care,Health Care Distributors,large,212.02,63.46,0.0116,0.0008,0.0955,FLAT,34.91,54.62,96.17,-12.88,56.8,32.16,0.8221,LOW,-,212.4178,216.6296,183.6889,1,96.4685,CONTENDER,24.3012
334,-2,ESPR,ESPERION THERAPEUTICS INC,Health Care,,small,2.61,77.31,-0.0959,-0.0548,-0.2393,FLAT,-10.0,87.77,-9.38,-47.48,49.2,70.63,1.4377,MED,-,2.668,3.0742,2.6843,0,61.1394,LAGGARD,24.1132
338,-2,MLYS,MINERALYS THERAPEUTICS INC,Health Care,,small,26.41,77.69,0.107,-0.0338,-0.2169,STRONG_UP,-33.66,88.64,109.94,-51.66,45.6,62.78,0.8555,LOW,-,25.379,28.2212,29.5202,0,64.3854,LAGGARD,23.9161
343,-2,NTLA,INTELLIA THERAPEUTICS INC,Health Care,,small,13.27,73.85,-0.0094,0.0087,0.5348,STRONG_DOWN,-29.26,81.78,-47.13,-71.27,51.6,81.96,0.6282,LOW,-,13.058,13.1713,12.769,1,51.4872,CONTENDER,23.7344
347,-1,INCY,Incyte,Health Care,Biotechnology,large,94.3,61.92,0.0105,0.0023,0.0134,FLAT,8.77,51.29,68.91,-18.33,55.2,34.5,0.7892,LOW,-,93.171,98.3608,90.6002,1,82.0664,CONTENDER,23.6168
348,-1,VRDN,VIRIDIAN THERAPEUTICS ORS INC,Health Care,,mid,19.15,60.77,-0.3326,-0.3216,-0.3293,FLAT,-9.97,46.52,14.74,-45.15,49.2,75.97,1.6847,HIGH,EARLY,26.8845,28.9864,24.4395,0,30.1267,LAGGARD,23.6102
375,0,TCMD,TACTILE SYSTEMS TECHNOLOGY INC,Health Care,,small,25.97,76.92,-0.0419,-0.091,-0.0492,FLAT,87.78,87.37,71.31,-35.39,49.6,58.68,0.5979,LOW,-,27.1992,28.1293,20.2942,1,73.8537,LEADER,22.7094
380,-1,SRRK,SCHOLAR ROCK HOLDING CORP,Health Care,,mid,49.35,62.69,0.1046,0.089,0.179,FLAT,42.3,51.66,213.93,-34.86,48.0,64.5,2.0151,HIGH,-,43.8065,45.1734,38.8219,1,38.4443,CONTENDER,22.646
383,-1,IDXX,Idexx Laboratories,Health Care,Health Care Equipment,large,564.66,53.08,-0.0267,-0.0813,-0.11,STRONG_UP,-8.94,32.47,8.24,-27.34,51.6,29.23,0.9573,LOW,EARLY,581.4725,624.3754,636.9328,0,57.3223,LAGGARD,22.5972
384,-1,TRVI,TREVI THERAPEUTICS INC,Health Care,,small,11.58,75.77,-0.0303,-0.0555,-0.0198,FLAT,23.19,84.39,258.51,-29.5,49.6,62.86,1.0225,MED,-,11.4505,11.2104,9.8625,1,66.5922,LEADER,22.5674
390,-1,ARVN,ARVINAS INC,Health Care,,small,11.33,65.0,0.0307,-0.1283,0.014,FLAT,24.1,57.8,-70.98,-36.9,51.2,57.62,2.3166,HIGH,-,11.728,12.4532,10.1315,1,51.3595,CONTENDER,22.2146
394,-1,CRVS,CORVUS PHARMACEUTICALS INC,Health Care,,small,14.43,94.62,0.014,-0.1429,0.9327,FLAT,98.76,349.53,675.81,-48.47,48.8,342.04,,LOW,-,14.8543,17.7925,9.3027,1,49.869,LEADER,22.0017
396,-1,ENSG,ENSIGN GROUP INC,Health Care,,large,200.1,62.31,-0.0207,-0.0078,0.2077,STRONG_DOWN,14.78,51.53,66.01,-12.76,52.8,35.35,1.1494,MED,-,205.136,199.9214,176.7243,1,76.9625,CONTENDER,21.9768
397,-1,KRYS,KRYSTAL BIOTECH INC,Health Care,,mid,258.91,59.23,0.0182,0.0255,0.1088,STRONG_DOWN,44.15,43.04,46.35,-31.85,53.6,41.89,1.1605,MED,-,253.37,265.8975,204.5528,1,55.0768,CONTENDER,21.9631
401,-1,WVE,WAVE LIFE SCIENCES LTD,Health Care,,mid,6.83,22.31,0.09,-0.4536,-0.5429,STRONG_UP,-2.84,-9.78,9.28,-70.91,51.6,113.55,1.2037,MED,EARLY,11.164,12.543,10.1869,0,-4.4422,WEAK,21.8077
419,-1,IBRX,IMMUNITYBIO INC,Health Care,,mid,7.14,84.23,-0.0442,-0.1584,2.6647,FLAT,187.9,134.1,35.48,-42.44,48.4,174.45,0.5048,LOW,-,8.0978,7.7464,3.8132,1,37.2047,LEADER,21.4901
420,-1,PTCT,PTC THERAPEUTICS INC,Health Care,,mid,68.75,58.46,0.0145,0.1178,-0.0396,FLAT,10.87,42.13,142.08,-27.55,54.0,34.44,0.8385,LOW,-,66.1762,69.5011,64.3635,1,66.0631,CONTENDER,21.4698
429,-1,LLY,Lilly (Eli),Health Care,Pharmaceuticals,large,954.52,44.23,0.0525,-0.0006,-0.055,STRONG_UP,16.0,17.52,26.69,-30.26,55.2,42.3,1.9573,HIGH,-,943.663,999.6047,895.0971,1,22.8654,LAGGARD,21.1021
436,-2,EHAB,ENHABIT INC,Health Care,,small,13.97,65.77,0.0111,0.0749,0.5739,STRONG_DOWN,71.41,58.75,31.42,-39.63,52.0,52.94,1.2686,MED,-,13.6885,12.4604,9.3752,1,57.7068,CONTENDER,21.0378
443,-2,KALV,KALVISTA PHARMACEUTICALS INC,Health Care,,small,19.77,71.54,0.0316,0.2562,0.2828,STRONG_DOWN,64.07,78.27,79.08,-32.79,49.6,62.2,1.1956,MED,-,17.489,16.3134,14.2699,1,62.4136,CONTENDER,20.7806
445,-2,CGEM,CULLINAN THERAPEUTICS INC,Health Care,,small,13.94,71.15,0.0081,-0.0965,0.4055,FLAT,132.33,78.26,-17.95,-36.67,50.4,60.71,0.8492,LOW,-,13.918,13.4034,9.6156,1,64.9703,CONTENDER,20.7613
454,-2,GRAL,GRAIL INC,Health Care,,small,53.6,79.62,0.016,0.0403,-0.3184,FLAT,-13.63,105.05,292.39,-62.92,50.4,136.44,0.5194,LOW,-,48.6995,71.6012,66.0724,0,38.8047,LAGGARD,20.5754
465,-3,ALNY,Alnylam Pharmaceuticals,Health Care,Biotechnology,large,328.73,46.15,-0.0099,0.0528,-0.118,FLAT,-28.64,23.2,117.64,-37.57,54.8,39.0,0.4903,LOW,PROGRESS,319.0115,329.604,393.1906,0,32.5966,WEAK,20.35
469,-2,HCA,HCA Healthcare,Health Care,Health Care Facilities,large,474.75,56.92,-0.0232,-0.0784,0.0771,FLAT,11.76,37.72,46.28,-14.17,56.4,29.82,0.6279,LOW,-,505.4738,508.9964,446.1234,1,71.3485,CONTENDER,20.0619
478,-2,NUVL,NUVALENT INC CLASS A,Health Care,,mid,105.64,61.15,0.0657,0.0774,0.1089,STRONG_DOWN,27.92,49.93,43.88,-15.81,51.6,43.25,1.8049,HIGH,-,98.8983,101.7431,92.3146,1,59.5685,CONTENDER,19.905
481,0,TALK,TALKSPACE INC,Health Care,,small,5.16,76.15,-0.0097,0.0951,0.4802,STRONG_DOWN,91.11,84.95,49.13,-33.43,47.6,61.85,0.4669,LOW,-,5.1103,4.5725,3.3577,1,65.375,LEADER,19.8898
505,-1,ARQT,ARCUTIS BIOTHERAPEUTICS INC,Health Care,,mid,24.1,60.38,0.0652,0.0476,-0.1148,STRONG_UP,21.96,45.18,156.38,-31.99,50.0,53.56,0.9352,LOW,-,22.964,24.9437,21.8407,1,42.1777,CONTENDER,19.2788
521,1,AORT,ARTIVION INC,Health Care,,small,34.16,55.77,-0.0729,-0.0645,-0.1957,FLAT,-16.91,36.37,64.31,-28.28,51.2,38.5,1.9982,HIGH,-,36.233,38.266,40.0339,0,48.3637,LAGGARD,18.8118
527,-1,IRON,DISC MEDICINE INC,Health Care,,mid,64.78,53.46,0.033,0.1087,-0.1289,FLAT,-3.37,33.48,102.22,-40.55,53.6,74.87,1.3594,MED,PROGRESS,61.2897,67.5419,70.1948,0,23.9718,LAGGARD,18.6985
533,-1,HIMS,HIMS HERS HEALTH INC CLASS A,Health Care,,mid,19.84,9.23,-0.0605,0.2546,-0.3337,FLAT,-64.77,-36.45,32.35,-78.06,44.4,116.02,0.7857,LOW,EARLY,21.7595,21.3454,39.9884,0,-13.9495,WEAK,18.5498
534,-1,CRSP,CRISPR THERAPEUTICS AG,Health Care,,mid,48.81,58.85,0.0149,-0.1382,-0.0139,FLAT,-26.22,42.76,-24.94,-42.25,48.0,67.35,0.6802,LOW,EARLY,49.3385,52.0428,56.1483,0,30.4756,LAGGARD,18.5383
539,-1,DAWN,DAY ONE BIOPHARMACEUTICALS INC,Health Care,,mid,21.42,86.54,-0.0107,0.7128,1.3569,STRONG_DOWN,211.34,168.76,35.23,-27.23,46.4,164.6,0.2249,LOW,-,20.9205,15.234,9.6035,1,47.5721,LEADER,18.4979
553,-1,BEAM,BEAM THERAPEUTICS INC,Health Care,,mid,24.22,52.69,0.0138,-0.0691,-0.071,STRONG_UP,0.37,31.06,-20.72,-38.15,48.0,82.66,1.0534,MED,-,24.8515,27.0422,23.9573,1,18.0366,CONTENDER,18.2104
559,-1,BIIB,Biogen,Health Care,Biotechnology,large,183.78,58.08,-0.0497,0.016,0.1029,STRONG_DOWN,19.17,39.95,-11.49,-13.66,51.6,36.66,1.0548,MED,-,185.43,185.9304,158.9939,1,56.2282,CONTENDER,18.047
562,-1,TMDX,TRANSMEDICS GROUP INC,Health Care,,mid,100.4,56.54,-0.0293,-0.2718,-0.1194,FLAT,-12.61,37.33,38.25,-37.3,49.2,52.11,0.9032,LOW,EARLY,116.0405,128.3003,124.4489,0,35.2428,LAGGARD,18.0096
565,-2,IMVT,IMMUNOVANT INC,Health Care,,mid,25.1,63.08,-0.0219,-0.0249,0.0461,FLAT,53.61,52.86,-18.45,-20.98,49.6,47.0,0.5077,LOW,-,24.8305,25.8158,21.1289,1,55.7867,CONTENDER,17.9284
566,0,TARS,TARSUS PHARMACEUTICALS INC,Health Care,,mid,70.22,56.15,0.0333,-0.0302,-0.0871,STRONG_UP,22.46,36.38,97.36,-26.34,50.8,42.51,0.5927,LOW,-,68.7425,68.3338,63.339,1,43.4698,CONTENDER,17.8852
594,0,AGIO,AGIOS PHARMACEUTICALS INC,Health Care,,small,34.19,45.77,0.1299,0.2613,0.3147,STRONG_DOWN,-14.67,20.22,19.25,-50.89,52.8,42.62,1.6877,HIGH,-,29.0085,28.5988,33.7821,1,25.0472,LAGGARD,17.2829
604,-1,AXSM,AXSOME THERAPEUTICS INC,Health Care,,mid,171.78,64.23,0.0341,0.0954,-0.0042,FLAT,44.88,56.52,130.39,-18.5,54.0,56.38,0.8743,LOW,-,160.8338,172.2887,139.3959,1,54.1335,CONTENDER,17.0346
612,-1,ACAD,ACADIA PHARMACEUTICALS INC,Health Care,,mid,22.32,54.23,0.028,0.0027,-0.109,STRONG_UP,5.08,34.3,23.25,-27.58,48.0,41.68,0.9711,LOW,PROGRESS,21.4715,23.2176,23.7347,0,39.4964,LAGGARD,16.9876
626,-1,REGN,Regeneron Pharmaceuticals,Health Care,Biotechnology,large,777.25,47.69,0.0155,0.0355,0.0668,STRONG_DOWN,29.87,24.92,-18.04,-22.67,50.8,28.58,0.8408,LOW,-,754.8585,764.8629,660.2848,1,44.2937,LAGGARD,16.6394
632,-1,MD,PEDIATRIX MEDICAL GROUP INC,Health Care,,small,20.7,57.69,-0.025,0.0897,0.0264,FLAT,21.76,39.77,117.89,-23.65,54.4,38.63,0.9341,LOW,-,20.1565,20.5044,18.4861,1,56.006,CONTENDER,16.4593
638,-1,BCRX,BIOCRYST PHARMACEUTICALS INC,Health Care,,mid,9.38,48.46,-0.0305,0.143,0.2612,STRONG_DOWN,27.27,26.24,,-44.24,44.0,53.81,0.8993,LOW,-,9.136,7.931,7.8829,1,21.4603,LAGGARD,16.2704
639,-1,WGS,GENEDX HOLDINGS CORP CLASS A,Health Care,,mid,65.52,14.62,0.0563,-0.1273,-0.4409,STRONG_UP,-42.24,-22.8,602.25,-65.92,49.2,77.17,0.9605,LOW,EARLY,73.694,83.3642,110.8995,0,-14.536,WEAK,16.2558
648,0,XENE,XENON PHARMACEUTICALS INC,Health Care,,mid,56.69,72.31,0.0093,0.3653,0.3235,FLAT,44.91,80.2,36.7,-25.75,48.8,106.04,0.9739,LOW,-,54.917,47.3833,40.6417,1,36.907,CONTENDER,16.0752
652,0,INVA,INNOVIVA INC,Health Care,,small,23.41,51.92,0.0215,0.0784,0.2298,STRONG_DOWN,28.84,29.55,58.18,-23.53,50.8,25.49,0.8025,LOW,-,22.3305,22.0388,20.215,1,58.8948,CONTENDER,15.8846
656,-1,CLDX,CELLDEX THERAPEUTICS INC,Health Care,,small,31.26,71.92,-0.0271,0.1067,0.2096,STRONG_DOWN,23.61,79.86,-24.05,-24.23,47.6,69.3,0.4942,LOW,-,30.4885,27.5662,25.349,1,54.8547,CONTENDER,15.7957
658,-1,AVBP,ARRIVENT BIOPHARMA INC,Health Care,,small,24.22,54.62,0.0991,-0.0399,0.2624,FLAT,31.2,34.56,34.56,-33.32,48.8,61.88,2.0407,HIGH,-,23.2925,23.0598,21.141,1,27.2513,CONTENDER,15.7662
663,-1,GILD,Gilead Sciences,Health Care,Biotechnology,large,140.3,50.77,0.0134,0.0004,0.2082,FLAT,27.78,28.73,107.29,-13.77,51.6,30.19,0.7328,LOW,-,141.2793,143.7332,122.7303,1,49.0962,CONTENDER,15.7262
667,-1,ALGN,Align Technology,Health Care,Health Care Supplies,large,172.73,35.0,-0.0376,-0.0035,0.1648,STRONG_DOWN,35.45,5.34,-44.65,-39.73,52.0,44.37,0.7041,LOW,-,173.1025,176.8788,159.4808,1,6.2536,LAGGARD,15.6457
668,-1,ELVN,ENLIVEN THERAPEUTICS INC,Health Care,,small,37.79,78.85,-0.0498,0.309,1.5126,STRONG_DOWN,90.62,90.28,101.01,-36.84,50.0,119.53,0.6493,LOW,-,31.834,29.2279,22.5291,1,37.7654,LEADER,15.6233
672,-1,TWST,TWIST BIOSCIENCE CORP,Health Care,,mid,49.54,52.31,0.048,0.0793,0.6205,STRONG_DOWN,69.31,29.65,50.49,-40.0,49.2,70.6,0.9583,LOW,-,45.917,46.633,35.385,1,20.664,CONTENDER,15.5606
694,1,BFLY,BUTTERFLY NETWORK INC CLASS A,Health Care,,small,4.09,70.38,-0.0261,0.0634,0.135,STRONG_DOWN,115.26,74.79,304.95,-49.43,46.0,131.73,0.6525,LOW,-,3.944,3.7818,2.7163,1,26.1153,CONTENDER,15.0982
696,0,CRNX,CRINETICS PHARMACEUTICALS INC,Health Care,,mid,36.57,42.69,-0.0045,-0.0262,-0.1591,STRONG_UP,-12.11,16.5,-20.5,-40.33,45.6,54.54,0.8677,LOW,PROGRESS,36.4425,42.5451,39.7971,0,13.7971,WEAK,15.0608
698,0,PFE,Pfizer,Health Care,Pharmaceuticals,large,28.55,46.54,0.0239,0.121,0.2245,STRONG_DOWN,8.56,23.98,18.12,-12.59,52.4,22.6,0.9657,LOW,-,27.2075,26.9365,24.8585,1,55.5929,LAGGARD,15.0348
716,-1,DNLI,DENALI THERAPEUTICS INC,Health Care,,mid,19.68,59.62,-0.0144,0.0146,0.2507,STRONG_DOWN,31.99,43.23,1.55,-23.42,48.0,65.27,1.0655,MED,-,20.2828,20.4835,16.8749,1,31.7927,CONTENDER,14.7299
721,-1,CSTL,CASTLE BIOSCIENCES INC,Health Care,,small,25.05,46.92,0.0025,-0.0625,-0.3007,STRONG_UP,8.82,24.07,12.84,-45.33,52.0,48.3,0.7278,LOW,-,25.5727,30.8761,27.8975,0,25.9153,WEAK,14.6734
731,-2,ADMA,ADMA BIOLOGICS INC,Health Care,,mid,9.11,2.31,0.0873,-0.401,-0.4452,STRONG_UP,-39.47,-54.97,41.46,-66.18,48.0,71.42,1.6144,HIGH,EARLY,13.205,15.1272,16.6535,0,-36.9428,WEAK,14.5989
737,0,WST,West Pharmaceutical Services,Health Care,Health Care Supplies,large,252.74,42.31,0.007,0.0641,-0.0253,FLAT,-6.72,14.51,-34.45,-24.7,46.8,35.75,1.1061,MED,SHIFT,242.3335,243.0855,253.1086,0,18.9904,WEAK,14.5503
742,-2,ACLX,ARCELLX INC,Health Care,,mid,114.75,68.46,-0.0105,0.0524,0.8186,STRONG_DOWN,39.89,70.68,78.21,-33.06,50.8,157.62,0.4368,LOW,-,114.531,94.1028,79.2633,1,22.7806,CONTENDER,14.5206
744,-3,ALHC,ALIGNMENT HEALTHCARE INC,Health Care,,mid,17.85,32.31,0.044,-0.0063,-0.0409,STRONG_UP,6.12,0.0,270.33,-41.15,51.2,47.8,1.2215,MED,-,17.6465,19.7222,17.4125,1,0.0,LAGGARD,14.5032
748,-1,NRIX,NURIX THERAPEUTICS INC,Health Care,,small,15.48,55.38,-0.0149,0.0005,-0.1287,FLAT,64.68,36.03,4.17,-37.48,44.4,50.48,0.7892,LOW,-,15.2045,16.0974,13.6389,1,31.6888,CONTENDER,14.4265
751,-1,CRL,Charles River Laboratories,Health Care,Life Sciences Tools & Services,mid,174.9,43.46,0.0475,0.0224,-0.0679,STRONG_UP,2.59,17.16,-33.2,-33.18,52.8,51.07,0.9413,LOW,-,163.055,177.7852,173.7333,1,17.7438,LAGGARD,14.3717
756,-2,CNC,Centene Corporation,Health Care,Managed Health Care,large,33.95,6.15,-0.0,-0.1971,-0.1197,FLAT,-5.01,-44.1,-53.14,-60.79,51.6,54.6,0.789,LOW,EARLY,35.496,39.733,37.0299,0,-41.6739,WEAK,14.3494
758,0,FTRE,FORTREA HOLDINGS INC,Health Care,,small,9.51,49.23,-0.0158,-0.0356,-0.3934,STRONG_UP,-0.11,26.63,-75.86,-51.79,48.4,73.77,0.6029,LOW,-,9.456,11.7898,10.6348,0,17.4725,WEAK,14.3349
760,-1,XERS,XERIS BIOPHARMA HOLDINGS INC,Health Care,,small,6.04,43.85,0.0728,0.0435,-0.1753,STRONG_UP,-24.59,17.28,189.0,-46.57,48.4,54.5,1.1078,MED,-,5.605,6.4026,6.9275,0,15.3473,WEAK,14.3136
764,-1,UNH,UnitedHealth Group,Health Care,Managed Health Care,large,273.98,5.77,0.0105,-0.006,-0.1083,STRONG_UP,-20.19,-46.16,-37.53,-60.06,48.4,49.05,0.5663,LOW,EARLY,277.0966,285.8,308.6526,0,-45.5455,WEAK,14.2467
772,0,LH,Labcorp,Health Care,Health Care Services,large,272.74,43.08,0.0046,0.0196,0.1485,STRONG_DOWN,-1.76,16.63,31.72,-15.22,54.4,23.91,1.0269,MED,-,267.3865,273.3881,266.5535,1,37.8266,LAGGARD,14.1254
774,-1,XNCR,XENCOR INC,Health Care,,small,12.53,50.0,0.0062,0.032,-0.1263,FLAT,5.92,27.6,-41.75,-40.35,47.2,66.09,1.3097,MED,-,11.88,12.0412,11.8258,1,19.709,CONTENDER,14.0942
785,0,ORIC,ORIC PHARMACEUTICALS INC,Health Care,,small,7.475,51.54,-0.4078,-0.3985,-0.0309,STRONG_DOWN,-36.17,29.33,-38.58,-48.13,47.2,115.82,8.3194,HIGH,-,11.8083,11.6681,11.0431,0,11.9509,LAGGARD,13.8999
792,-1,HROW,HARROW INC,Health Care,,small,35.43,55.0,-0.0102,-0.0484,-0.2216,STRONG_UP,-26.75,36.01,186.19,-39.27,50.4,76.91,0.5763,LOW,-,35.0705,42.4498,40.629,0,23.5962,LAGGARD,13.7891
809,-2,VCYT,VERACYTE INC,Health Care,,mid,32.4,36.15,-0.0238,-0.0584,-0.1751,STRONG_UP,-10.52,7.53,57.97,-39.23,47.2,47.82,0.6949,LOW,EARLY,32.5815,35.496,34.8712,0,7.4363,WEAK,13.4833
811,-2,KURA,KURA ONCOLOGY INC,Health Care,,small,8.34,50.38,-0.014,0.0239,-0.142,FLAT,-9.35,27.91,-59.36,-39.04,49.6,49.99,0.9325,LOW,-,8.523,8.4062,8.5974,0,27.6963,LAGGARD,13.4663
815,-2,ATEC,ALPHATEC HOLDNGS INC,Health Care,,small,11.26,36.54,-0.0342,-0.0856,-0.4095,STRONG_UP,-19.4,7.75,,-52.03,50.4,64.06,1.3269,MED,-,12.095,13.3178,15.425,0,6.0984,WEAK,13.3915
817,-2,IRTC,IRHYTHM HOLDINGS INC,Health Care,,mid,118.22,38.08,-0.0489,-0.0278,-0.2784,FLAT,-29.4,9.13,8.21,-40.29,51.2,48.52,0.8522,LOW,EARLY,118.7395,136.5535,159.6651,0,9.6338,WEAK,13.3415
823,-2,OCUL,OCULAR THERAPEUTIX INC,Health Care,,small,8.33,41.54,0.0206,-0.1972,-0.2585,STRONG_UP,-24.55,13.49,-1.77,-57.29,47.6,92.49,0.5407,LOW,-,8.707,9.0951,11.1024,0,6.9415,WEAK,13.2363
839,0,MCK,McKesson Corporation,Health Care,Health Care Distributors,large,872.32,48.85,-0.0015,-0.0605,0.123,FLAT,14.22,26.28,64.98,-13.61,56.4,40.47,0.9674,LOW,-,904.5795,907.5099,798.0526,1,36.6199,LAGGARD,12.9727
842,0,MTD,Mettler Toledo,Health Care,Life Sciences Tools & Services,large,1274.05,37.31,-0.0085,0.0387,-0.0309,FLAT,-1.22,8.66,-3.56,-22.44,50.4,27.48,1.1082,MED,PROGRESS,1228.416,1319.5342,1324.3432,0,15.8848,WEAK,12.9378
846,0,AMGN,Amgen,Health Care,Biotechnology,large,353.28,45.0,-0.0113,-0.0203,0.1455,FLAT,20.02,19.19,35.94,-15.35,52.8,30.49,0.973,LOW,-,359.297,362.2262,315.4823,1,33.2313,LAGGARD,12.8619
852,0,COR,Cencora,Health Care,Health Care Distributors,large,317.66,41.92,-0.0128,-0.089,-0.0018,FLAT,2.23,14.46,32.8,-17.16,54.4,31.91,1.1517,MED,EARLY,334.711,349.3512,325.2364,0,24.658,WEAK,12.7359
855,0,BMY,Bristol Myers Squibb,Health Care,Pharmaceuticals,large,61.73,37.69,0.0271,0.0388,0.2166,STRONG_DOWN,33.5,8.81,29.1,-25.79,49.2,24.61,0.7365,LOW,-,59.3795,59.0702,50.1198,1,17.605,LAGGARD,12.7062
856,0,GKOS,GLAUKOS CORP,Health Care,,mid,112.64,40.77,0.0338,0.0248,0.0563,FLAT,35.4,12.59,25.88,-29.92,50.0,53.48,1.2595,MED,-,104.6255,112.3464,99.8667,1,11.7754,LAGGARD,12.6969
870,0,IQV,IQVIA,Health Care,Life Sciences Tools & Services,large,172.4,30.38,0.0061,0.0177,-0.1799,FLAT,-15.4,-1.13,-29.78,-33.72,48.4,48.14,0.3756,LOW,PROGRESS,168.781,184.132,196.0217,0,-1.1359,WEAK,12.4631
874,0,ARDX,ARDELYX INC,Health Care,,small,6.11,48.08,0.0622,-0.033,0.1067,FLAT,13.99,25.2,-16.76,-40.42,47.2,84.56,1.349,MED,-,5.7665,6.569,5.7519,1,14.069,LAGGARD,12.4322
881,1,PNTG,PENNANT GROUP INC,Health Care,,small,30.35,44.62,-0.0185,-0.0469,0.1368,FLAT,19.49,18.28,51.3,-26.97,51.6,44.35,1.7169,HIGH,-,32.211,31.4222,27.3819,1,21.2653,LAGGARD,12.2414
884,-1,LFST,LIFESTANCE HEALTH GROUP INC,Health Care,,mid,6.37,28.08,-0.0595,-0.0827,-0.0399,FLAT,16.88,-3.92,6.34,-45.15,46.4,36.2,0.9299,LOW,-,6.537,6.8726,5.905,1,-5.0265,LAGGARD,12.1947
889,1,RDNT,RADNET INC,Health Care,,mid,55.31,34.62,-0.0807,-0.1763,-0.1695,FLAT,-29.08,5.33,15.23,-34.53,48.8,49.1,1.0745,MED,EARLY,60.61,66.5199,69.412,0,5.2997,WEAK,12.1207
892,1,VIR,VIR BIOTECHNOLOGY INC,Health Care,,small,9.02,57.31,-0.0049,-0.0082,0.5545,FLAT,58.25,39.2,,-33.95,48.4,87.13,0.5944,LOW,-,9.2023,8.4423,6.2761,1,21.7739,CONTENDER,12.0886
899,1,ABUS,ARBUTUS BIOPHARMA CORP,Health Care,,small,4.52,51.15,0.0041,-0.0001,-0.005,STRONG_UP,-1.53,28.77,79.37,-25.86,50.0,56.8,0.5359,LOW,-,4.443,4.3168,4.1378,1,25.33,CONTENDER,12.0385
901,1,DXCM,Dexcom,Health Care,Health Care Equipment,large,62.37,23.08,-0.0679,-0.0962,-0.005,FLAT,-5.61,-8.47,-54.36,-38.75,51.2,33.23,0.7056,LOW,EARLY,66.073,69.5966,71.7459,0,-13.0471,WEAK,11.9973
922,-1,HUM,Humana,Health Care,Managed Health Care,large,176.95,10.77,0.0038,0.0197,-0.2503,FLAT,-27.68,-32.38,-40.23,-47.18,53.6,57.22,0.7618,LOW,PROGRESS,171.1453,186.7263,241.2733,0,-30.328,WEAK,11.6355
927,-2,DVA,DaVita,Health Care,Health Care Services,large,150.34,29.62,-0.0526,0.0197,0.382,STRONG_DOWN,13.15,-2.56,11.33,-33.21,48.4,53.22,0.9026,LOW,-,151.8845,142.2562,131.9198,1,-2.3282,LAGGARD,11.5961
929,-1,LMAT,LEMAITRE VASCULAR INC,Health Care,,mid,108.75,49.62,-0.026,0.0728,0.4027,STRONG_DOWN,26.06,26.7,72.77,-19.91,51.2,54.83,1.0917,MED,-,108.7156,98.0562,89.5351,1,24.9286,LAGGARD,11.5699
946,-1,NVAX,NOVAVAX INC,Health Care,,small,8.02,53.85,-0.1156,-0.1408,0.2521,FLAT,-15.58,34.11,77.04,-35.94,46.8,84.52,0.5446,LOW,-,9.6305,9.3666,8.0311,0,18.8893,LAGGARD,11.3826
957,-2,NEOG,NEOGEN CORP,Health Care,,small,9.39,38.46,0.0146,-0.0823,0.402,FLAT,61.9,9.31,-35.2,-48.89,52.4,74.65,0.6114,LOW,-,9.2445,10.105,7.0174,1,6.5373,LAGGARD,11.1743
959,-1,A,Agilent Technologies,Health Care,Life Sciences Tools & Services,large,114.54,31.15,0.0,0.0009,-0.0995,FLAT,-17.01,-0.44,-19.3,-29.75,51.2,27.12,0.6875,LOW,PROGRESS,113.0875,122.1661,129.2264,0,-0.8298,WEAK,11.1306
964,-1,DGX,Quest Diagnostics,Health Care,Health Care Services,large,197.69,45.38,-0.014,-0.0034,0.2031,STRONG_DOWN,9.56,19.89,55.43,-9.81,50.8,25.9,0.5955,LOW,-,198.082,197.5998,183.3283,1,39.006,LAGGARD,10.9983
974,-1,TMO,Thermo Fisher Scientific,Health Care,Life Sciences Tools & Services,large,494.54,33.46,0.0,0.014,-0.0904,FLAT,-6.66,1.49,-12.9,-27.31,49.2,27.93,0.6336,LOW,PROGRESS,485.1692,524.1256,517.198,0,2.6293,WEAK,10.9053
984,-1,PODD,Insulet Corporation,Health Care,Health Care Equipment,large,207.04,14.23,-0.0624,-0.0993,-0.2163,STRONG_UP,-32.34,-23.07,26.21,-41.32,50.0,33.32,1.1629,MED,EARLY,225.613,241.9428,293.3854,0,-34.6198,WEAK,10.7964
988,-2,COLL,COLLEGIUM PHARMACEUTICAL INC,Health Care,,small,33.25,40.38,-0.0167,-0.1123,-0.2265,STRONG_UP,-5.46,10.83,-13.41,-35.81,52.8,39.34,0.8912,LOW,-,34.8417,41.0935,39.0799,0,14.5399,WEAK,10.754
1007,-4,IOVA,IOVANCE BIOTHERAPEUTICS INC,Health Care,,small,3.45,30.0,-0.0767,-0.1419,0.3224,FLAT,56.11,-2.54,-74.95,-54.41,46.4,103.2,0.6179,LOW,-,4.0465,3.381,2.5826,1,-1.1431,LAGGARD,10.5365
1009,-1,MOH,Molina Healthcare,Health Care,Managed Health Care,mid,135.82,1.15,-0.0331,-0.0465,-0.162,STRONG_UP,-29.55,-58.65,-64.34,-65.28,51.6,69.48,0.5595,LOW,EARLY,141.783,152.5944,175.4127,0,-43.5594,WEAK,10.5089
1023,-2,TNDM,TANDEM DIABETES CARE INC,Health Care,,small,18.81,31.54,-0.205,-0.1482,-0.0889,STRONG_DOWN,51.57,-0.42,-43.85,-56.99,46.4,90.29,0.937,LOW,-,22.301,21.6846,17.814,1,-0.2176,LAGGARD,10.3028
1027,0,STAA,STAAR SURGICAL,Health Care,,small,19.33,39.62,0.0254,0.0542,-0.1075,FLAT,-28.88,9.83,-51.13,-43.65,48.0,50.31,0.4363,LOW,-,18.327,18.3838,22.6359,0,9.3782,WEAK,10.2756
1033,-2,EW,Edwards Lifesciences,Health Care,Health Care Equipment,large,81.26,41.15,-0.0219,0.002,0.0119,STRONG_DOWN,6.49,12.78,-13.84,-12.73,50.0,26.88,1.1746,MED,-,82.557,81.964,80.6036,1,23.7775,LAGGARD,10.2216
1053,-3,ABBV,AbbVie,Health Care,Biotechnology,large,214.98,36.92,0.0067,-0.0415,0.0071,FLAT,-10.68,8.29,27.45,-16.31,52.0,27.71,0.7825,LOW,-,216.696,221.7472,214.0475,1,15.5491,LAGGARD,9.8328
1055,-3,UHS,Universal Health Services,Health Care,Health Care Facilities,large,177.94,26.92,-0.0503,-0.0722,-0.1277,STRONG_UP,-12.41,-5.37,4.03,-27.0,52.4,38.71,0.9529,LOW,EARLY,187.712,204.0131,200.27,0,-7.2685,WEAK,9.7985
1057,-4,RMD,ResMed,Health Care,Health Care Equipment,large,222.85,32.69,-0.0101,-0.0915,-0.0174,FLAT,-17.34,0.83,23.07,-24.74,50.0,27.69,0.9648,LOW,EARLY,232.491,247.6044,258.1358,0,1.4992,WEAK,9.7677
1066,-4,SEM,SELECT MEDICAL HOLDINGS CORP,Health Care,,mid,16.29,30.77,-0.0116,0.0509,0.1603,STRONG_DOWN,27.21,-0.54,6.84,-35.8,51.6,25.52,0.836,LOW,-,16.263,15.7386,14.2917,1,-1.0897,LAGGARD,9.5862
1069,-2,CRVL,CORVEL CORP,Health Care,,mid,53.6,3.46,-0.0081,0.0583,-0.1526,FLAT,-27.14,-51.93,-35.59,-61.23,44.8,61.57,0.9875,LOW,PROGRESS,53.4725,54.7176,74.6948,0,-37.7844,WEAK,9.5594
1070,-2,CVS,CVS Health,Health Care,Health Care Services,large,72.49,40.0,0.0068,-0.052,-0.0237,FLAT,-4.14,10.56,6.59,-16.44,56.4,38.32,0.5844,LOW,EARLY,73.905,76.1701,73.5947,0,15.5364,WEAK,9.5306
1083,-2,BSX,Boston Scientific,Health Care,Health Care Equipment,large,62.0,8.46,-0.1281,-0.0931,-0.2945,FLAT,-35.32,-38.03,-8.08,-42.67,47.6,46.25,1.2291,MED,EARLY,68.982,76.126,94.3974,0,-39.1411,WEAK,9.2329
1086,-3,ALKS,ALKERMES,Health Care,,mid,35.05,35.77,0.1598,0.2455,0.3113,STRONG_DOWN,14.36,7.35,30.93,-22.2,49.6,50.37,2.0234,HIGH,-,29.0545,31.395,29.7016,1,7.2383,LAGGARD,9.1833
1091,-2,TECH,Bio-Techne,Health Care,Life Sciences Tools & Services,mid,53.48,24.62,0.0032,-0.0273,-0.0341,STRONG_UP,-10.51,-7.86,-21.43,-31.53,49.6,41.32,1.0184,MED,PROGRESS,52.2855,58.4136,57.579,0,-9.4339,WEAK,9.0292
1095,-2,ANIP,ANI PHARMACEUTICALS INC,Health Care,,small,75.96,38.85,0.0129,0.041,0.0209,FLAT,-15.77,9.52,13.85,-28.66,49.6,38.7,1.0779,MED,-,74.231,77.1658,81.2522,0,12.1957,WEAK,8.9822
1102,-3,TGTX,TG THERAPEUTICS INC,Health Care,,mid,33.58,19.62,0.0384,0.1989,0.1851,FLAT,-8.15,-15.67,132.55,-42.01,52.0,44.56,0.8641,LOW,-,30.2495,29.924,32.0667,1,-18.287,LAGGARD,8.8158
1104,-3,CPRX,CATALYST PHARMACEUTICALS INC,Health Care,,mid,24.82,33.08,0.0119,0.0537,0.1221,STRONG_DOWN,18.7,1.47,62.65,-27.29,52.0,35.46,1.175,MED,-,23.7455,24.0736,22.2158,1,2.1583,LAGGARD,8.8061
1121,-2,HQY,HEALTHEQUITY INC,Health Care,,mid,83.38,25.77,-0.0172,0.076,-0.0345,FLAT,-8.08,-6.04,0.72,-35.25,49.6,37.76,0.9037,LOW,SHIFT,80.5407,80.1434,91.3317,0,-7.9341,WEAK,8.5279
1122,-2,LNTH,LANTHEUS HOLDINGS INC,Health Care,,mid,75.7,15.0,-0.0203,0.021,0.1962,STRONG_DOWN,46.62,-22.3,28.59,-53.92,50.8,35.24,0.7198,LOW,-,77.4665,72.9891,64.895,1,-32.1395,LAGGARD,8.5202
1125,-2,AHCO,ADAPTHEALTH CORP,Health Care,,small,11.86,39.23,0.0278,0.2749,0.2494,FLAT,30.19,9.71,9.92,-32.19,46.4,53.46,0.8394,LOW,-,10.5392,10.2304,9.6421,1,8.4305,LAGGARD,8.4704
1127,-2,CDNA,CAREDX INC,Health Care,,small,17.87,28.85,0.0113,-0.0142,0.0072,FLAT,19.13,-2.83,79.6,-43.92,52.0,62.73,0.6972,LOW,-,17.42,18.7919,16.743,1,-2.344,LAGGARD,8.4608
1134,-3,HAE,HAEMONETICS CORP,Health Care,,mid,56.24,20.38,0.0013,-0.0821,-0.243,STRONG_UP,15.22,-12.18,-33.18,-39.02,50.8,32.83,0.4144,LOW,EARLY,59.018,61.6272,65.062,0,-18.8467,WEAK,8.3732
1146,-3,ELV,Elevance Health,Health Care,Managed Health Care,large,298.5,11.54,0.0028,0.079,-0.0879,FLAT,-9.25,-28.99,-38.05,-39.06,50.0,43.93,0.6886,LOW,PROGRESS,290.067,316.6777,324.8766,0,-32.994,WEAK,8.226
1148,-4,VRTX,Vertex Pharmaceuticals,Health Care,Biotechnology,large,447.26,25.0,-0.0259,-0.0158,0.0452,STRONG_DOWN,10.65,-7.49,9.24,-28.06,49.6,35.95,0.7929,LOW,-,459.4115,468.3404,438.3776,1,-10.3386,LAGGARD,8.2101
1149,-3,GERN,GERON CORP,Health Care,,small,1.66,33.85,0.0663,0.1777,0.3162,STRONG_DOWN,17.73,4.4,-46.45,-33.95,45.2,77.83,1.6349,HIGH,-,1.5495,1.5668,1.3744,1,2.5568,LAGGARD,8.1928
1153,-2,DHR,Danaher Corporation,Health Care,Life Sciences Tools & Services,large,190.79,25.38,0.0051,-0.0179,-0.1095,STRONG_UP,-10.06,-6.36,-21.52,-24.85,50.8,26.89,0.9207,LOW,PROGRESS,190.6142,206.5381,209.0594,0,-12.0217,WEAK,8.1232
1158,-2,STE,Steris,Health Care,Health Care Equipment,large,219.94,29.23,-0.0273,-0.0469,-0.0749,STRONG_UP,-8.62,-2.63,3.48,-20.76,49.6,28.33,0.8016,LOW,EARLY,221.5015,240.1362,243.8916,0,-4.5974,WEAK,8.0592
1168,-2,GEHC,GE HealthCare,Health Care,Health Care Equipment,large,71.98,22.69,-0.0055,-0.0408,-0.0668,STRONG_UP,-4.59,-9.13,-18.04,-25.97,52.4,31.96,0.9244,LOW,PROGRESS,71.7895,77.3272,76.802,0,-14.9747,WEAK,7.9509
1178,-1,MNKD,MANNKIND CORP,Health Care,,small,2.54,4.62,0.0927,-0.0907,-0.4967,STRONG_UP,-52.79,-49.4,-41.07,-63.29,44.4,91.13,0.5982,LOW,-,2.5595,4.1362,4.7294,0,-24.0696,WEAK,7.8146
1182,-1,BHVN,BIOHAVEN LTD,Health Care,,small,9.62,0.77,0.0668,-0.0451,-0.0926,STRONG_UP,-35.09,-59.38,-81.06,-67.1,45.6,84.35,1.3187,MED,-,9.3005,10.8026,12.7328,0,-32.0984,WEAK,7.7342
1185,-1,JBIO,JADE BIOSCIENCES INC,Health Care,,small,16.02,0.0,0.1368,0.196,0.0969,FLAT,75.85,-81.36,-98.41,-92.84,48.4,66.98,6.0811,HIGH,-,14.0245,14.6374,11.3345,1,-58.7909,LAGGARD,7.6652
1188,-1,WAT,Waters Corporation,Health Care,Life Sciences Tools & Services,large,299.89,18.46,-0.0139,-0.0118,-0.1552,FLAT,-6.23,-17.3,-11.73,-31.32,48.8,38.84,0.8393,LOW,PROGRESS,297.9155,329.0618,337.4918,0,-21.741,WEAK,7.621
1194,-1,QDEL,QUIDELORTHO CORP,Health Care,,small,16.58,3.08,0.0512,-0.1693,-0.3642,STRONG_UP,-46.94,-52.12,-60.66,-60.5,44.4,75.88,1.7605,HIGH,-,17.3715,22.4138,26.4153,0,-30.4986,WEAK,7.4771
1198,-1,HSIC,Henry Schein,Health Care,Health Care Distributors,mid,73.04,35.38,-0.0207,-0.0453,0.0251,FLAT,11.34,5.47,-0.04,-16.93,49.2,27.94,0.845,LOW,-,74.7375,77.041,72.1953,1,9.6374,LAGGARD,7.4052
1201,-1,NEO,NEOGENOMICS INC,Health Care,,small,7.75,17.69,-0.0129,-0.1001,-0.2857,STRONG_UP,-11.12,-17.73,-47.67,-52.87,50.0,48.45,0.9508,LOW,-,8.0845,9.948,9.2989,0,-18.2954,WEAK,7.378
1205,-2,OMCL,OMNICELL INC,Health Care,,small,33.94,27.69,-0.0474,-0.1345,-0.1955,STRONG_UP,13.28,-4.29,22.31,-37.05,51.2,54.39,0.4631,LOW,-,35.529,39.9146,35.9192,0,-4.0351,WEAK,7.3365
1209,-1,WAY,WAYSTAR HOLDING CORP,Health Care,,mid,23.77,9.62,-0.0551,-0.0691,-0.2189,STRONG_UP,-36.02,-36.32,14.83,-47.18,49.2,50.15,0.6937,LOW,EARLY,24.585,25.2704,33.415,0,-35.6366,WEAK,7.2592
1210,-3,BDX,Becton Dickinson,Health Care,Health Care Equipment,large,156.34,21.92,-0.0183,-0.0343,0.0899,FLAT,5.39,-10.11,-14.08,-27.06,46.4,25.9,0.8942,LOW,-,159.3296,165.3117,150.8389,1,-18.105,LAGGARD,7.2585
1223,-3,SOLV,Solventum,Health Care,Health Care Technology,large,64.35,19.23,-0.0172,-0.0377,-0.1326,STRONG_UP,-11.9,-16.01,-3.81,-27.14,49.2,31.22,1.2463,MED,EARLY,66.3825,72.2272,74.6546,0,-25.2368,WEAK,7.1212
1233,-2,ISRG,Intuitive Surgical,Health Care,Health Care Equipment,large,464.45,23.85,-0.0204,-0.025,-0.1246,STRONG_UP,6.03,-8.4,21.47,-24.09,48.4,24.71,0.7401,LOW,EARLY,476.589,491.1054,506.6506,0,-16.4563,WEAK,6.9949
1236,-2,SLNO,SOLENO THERAPEUTICS INC,Health Care,,small,36.99,3.85,0.1494,0.0186,-0.1458,STRONG_UP,-38.47,-49.79,-11.53,-66.04,46.8,60.39,1.7554,HIGH,-,34.6268,38.0697,57.5004,0,-38.5851,WEAK,6.9705
1240,-2,USPH,US PHYSICAL THERAPY INC,Health Care,,small,74.4,34.23,-0.0119,-0.0617,0.0171,FLAT,-12.42,5.02,-27.49,-26.57,50.4,30.17,0.5183,LOW,-,76.6482,81.0115,79.9958,0,8.3905,WEAK,6.9307
1243,-2,MDT,Medtronic,Health Care,Health Care Equipment,large,86.06,31.92,-0.022,-0.0442,-0.0415,FLAT,-7.81,-0.07,7.74,-17.61,50.4,20.32,0.8773,LOW,EARLY,87.4496,94.3584,92.9929,0,-0.1809,WEAK,6.8849
1266,-3,PRVA,PRIVIA HEALTH GROUP INC,Health Care,,mid,21.07,26.54,0.0325,-0.0847,-0.056,FLAT,-15.65,-5.77,16.41,-24.77,45.2,39.44,1.0802,MED,EARLY,21.5985,22.2774,22.7624,0,-6.6118,WEAK,6.5684
1277,-2,RXRX,RECURSION PHARMACEUTICALS INC CLAS,Health Care,,small,3.06,6.54,-0.0402,-0.1111,-0.1965,STRONG_UP,-40.0,-42.16,-65.11,-58.17,40.8,63.15,0.5785,LOW,-,3.2745,3.6676,4.7127,0,-27.2355,WEAK,6.3514
1296,-3,BAX,Baxter International,Health Care,Health Care Equipment,mid,16.78,4.23,-0.005,-0.07,-0.0662,FLAT,-28.09,-49.45,-59.3,-52.4,48.0,53.2,0.8342,LOW,EARLY,17.1095,19.1111,21.9538,0,-44.619,WEAK,5.9967
1303,-3,ASTH,ASTRANA HEALTH INC,Health Care,,small,24.51,16.54,-0.0018,0.0063,0.0466,STRONG_DOWN,-12.96,-18.35,-41.73,-46.67,52.8,90.7,0.5351,LOW,-,24.314,22.8158,25.7584,0,-10.6848,WEAK,5.8342
1322,-3,ICUI,ICU MEDICAL INC,Health Care,,mid,125.22,21.54,-0.0307,-0.0728,-0.067,FLAT,3.52,-10.8,22.07,-28.43,47.6,37.61,0.8885,LOW,EARLY,128.9985,141.8532,134.4051,0,-13.6678,WEAK,5.5431
1330,-3,AZTA,AZENTA INC,Health Care,,small,21.18,7.69,-0.0177,-0.1089,-0.3079,STRONG_UP,-32.93,-40.19,-63.99,-51.48,46.8,64.93,1.1576,MED,-,21.669,27.7912,31.1032,0,-28.9654,WEAK,5.464
1333,-3,TDOC,TELADOC HEALTH INC,Health Care,,small,5.28,11.15,-0.0551,0.0777,-0.1904,FLAT,-32.31,-32.22,-63.15,-52.75,43.2,61.48,0.7688,LOW,-,5.378,5.2568,7.1238,0,-22.6405,WEAK,5.4432
1338,-3,PRCT,PROCEPT BIOROBOTICS CORP,Health Care,,small,25.36,1.54,-0.0001,0.0033,-0.1386,FLAT,-26.98,-56.08,-45.53,-65.12,42.8,70.71,0.7134,LOW,-,25.8225,27.2012,36.8866,0,-33.944,WEAK,5.3727
1347,-3,CON,CONCENTRA GROUP HOLDINGS PARENT IN,Health Care,,mid,21.23,27.31,-0.0333,-0.0481,0.1405,FLAT,2.47,-4.73,-3.89,-21.39,46.0,28.85,0.5724,LOW,-,22.1135,22.6336,21.0587,1,-7.544,LAGGARD,5.3059
1355,-2,NVCR,NOVOCURE LTD,Health Care,,small,10.84,8.08,-0.0899,-0.144,-0.1063,FLAT,-22.46,-39.58,-24.67,-48.3,44.8,92.44,0.5021,LOW,-,11.9995,12.117,13.1102,0,-19.1802,WEAK,5.1977
1356,-4,UFPT,UFP TECHNOLOGIES INC,Health Care,,small,193.99,24.23,0.0203,-0.0008,-0.071,STRONG_UP,-2.79,-7.97,-21.65,-30.2,49.6,46.1,0.9357,LOW,-,198.708,225.9176,222.5509,0,-8.5751,WEAK,5.1963
1359,-3,AVNS,AVANOS MEDICAL INC,Health Care,,small,14.09,28.46,0.0057,0.0636,0.3133,STRONG_DOWN,23.16,-2.96,-27.33,-31.89,48.4,41.43,0.6985,LOW,-,13.564,13.8626,12.1983,1,-3.4597,LAGGARD,5.1547
1360,-3,PHR,PHREESIA INC,Health Care,,small,8.4,0.38,-0.2906,-0.2867,-0.4482,FLAT,-62.58,-67.84,-63.29,-74.25,49.6,67.64,2.2585,HIGH,-,11.172,12.2908,20.7355,0,-49.7472,WEAK,5.0961
1391,-3,AMN,AMN HEALTHCARE INC,Health Care,,small,18.56,15.77,-0.0637,-0.0996,0.2363,FLAT,-7.06,-20.51,-68.11,-35.33,45.2,83.0,0.7527,LOW,-,19.242,19.548,18.9263,0,-11.1714,WEAK,4.5154
1392,-3,ADUS,ADDUS HOMECARE CORP,Health Care,,small,93.85,26.15,-0.0508,-0.0637,-0.0708,STRONG_UP,-19.0,-6.04,-7.68,-23.71,48.4,34.13,1.0498,MED,-,99.672,104.7876,111.166,0,-8.5615,WEAK,4.5126
1400,-3,SDGR,SCHRODINGER INC,Health Care,,small,11.55,6.92,-0.0134,-0.0714,-0.2987,STRONG_UP,-45.54,-41.9,-53.95,-58.52,48.8,52.24,0.7185,LOW,-,12.0705,12.756,17.8021,0,-39.1422,WEAK,4.3509
1401,-3,COO,Cooper Companies (The),Health Care,Health Care Supplies,large,71.43,20.77,-0.0132,-0.0804,-0.0732,FLAT,4.94,-12.06,-27.16,-23.83,49.2,23.28,0.8563,LOW,EARLY,72.1415,78.1438,74.606,0,-25.4972,WEAK,4.3125
1411,-3,RVTY,Revvity,Health Care,Health Care Equipment,mid,87.92,18.08,-0.0025,-0.0591,-0.0354,FLAT,-4.06,-17.38,-13.52,-28.75,49.6,39.89,0.525,LOW,PROGRESS,87.7275,96.9882,95.153,0,-21.6138,WEAK,4.1313
1414,-3,PCRX,PACIRA BIOSCIENCES INC,Health Care,,small,22.79,23.46,-0.0339,0.0454,-0.0641,FLAT,-9.81,-8.44,-20.06,-29.61,50.4,47.23,0.5258,LOW,-,22.734,22.0428,23.5687,0,-9.0034,WEAK,4.1047
1420,-2,HRMY,HARMONY BIOSCIENCES HLDG INC,Health Care,,small,27.96,20.0,0.0073,0.0281,-0.1975,FLAT,3.86,-14.05,-14.5,-34.49,49.6,46.66,0.7949,LOW,-,27.8545,31.694,33.2894,0,-14.9338,WEAK,3.8259
1422,-10,AMPH,AMPHASTAR PHARMACEUTICALS INC,Health Care,,small,20.24,12.69,0.0247,0.0625,-0.1889,FLAT,-25.01,-27.19,-52.17,-40.99,48.8,62.72,,LOW,-,19.2805,23.6976,25.2853,0,-21.1588,WEAK,3.6893
1430,-3,BLFS,BIOLIFE SOLUTIONS INC,Health Care,,small,19.29,16.15,-0.03,-0.0185,-0.1469,FLAT,-26.18,-18.88,9.6,-36.96,49.2,50.54,0.4549,LOW,-,19.2085,21.42,23.8814,0,-18.3808,WEAK,3.5598
1431,-3,CI,Cigna,Health Care,Health Care Services,large,267.32,17.31,-0.0291,-0.0078,0.0353,STRONG_DOWN,-7.32,-17.76,-23.53,-27.41,48.4,27.33,0.6558,LOW,PROGRESS,266.3345,275.36,283.2789,0,-31.4492,WEAK,3.54
1434,-3,ABT,Abbott Laboratories,Health Care,Health Care Equipment,large,102.38,15.38,-0.0326,-0.0465,-0.1234,STRONG_UP,-22.56,-20.94,-4.99,-25.18,48.8,27.59,0.6626,LOW,EARLY,107.0625,109.8428,123.6661,0,-37.0415,WEAK,3.488
1440,-3,ENOV,ENOVIS CORP,Health Care,,small,23.37,8.85,-0.0116,-0.0456,-0.0674,STRONG_UP,-23.28,-36.8,-61.26,-42.54,45.6,57.63,0.5967,LOW,-,23.1435,23.012,28.0514,0,-29.1211,WEAK,3.3026
1441,-3,ATRC,ATRICURE INC,Health Care,,small,28.31,18.85,-0.0692,-0.0382,-0.2291,FLAT,-17.29,-17.05,4.04,-33.36,48.8,49.91,0.8342,LOW,-,29.4085,32.6564,34.9205,0,-16.6732,WEAK,3.2707
1442,-3,CLOV,CLOVER HEALTH INVESTMENTS CORP CLA,Health Care,,small,1.7,2.69,-0.0672,-0.1647,-0.2213,STRONG_UP,-35.11,-52.65,130.66,-55.5,42.0,49.74,1.5228,HIGH,-,1.8905,2.061,2.601,0,-44.454,WEAK,3.2697
1443,-3,PGNY,PROGYNY INC,Health Care,,small,16.86,13.08,-0.0639,-0.004,-0.2881,FLAT,-20.55,-26.63,-52.73,-40.68,50.4,57.44,0.6527,LOW,-,17.6965,20.2082,22.3234,0,-23.3678,WEAK,3.2594
1457,-2,SYK,Stryker Corporation,Health Care,Health Care Equipment,large,329.4,21.15,-0.0188,-0.0869,-0.0049,FLAT,-9.07,-11.89,-3.93,-18.8,47.2,24.37,0.7917,LOW,EARLY,340.7799,357.1037,368.573,0,-23.0298,WEAK,2.9353
1459,-2,OPCH,OPTION CARE HEALTH INC,Health Care,,mid,26.49,13.85,-0.057,-0.0894,-0.1132,STRONG_UP,-2.75,-23.86,-17.19,-27.6,44.8,32.78,1.2362,MED,EARLY,28.744,32.0628,30.285,0,-32.6056,WEAK,2.8885
1467,-3,VCEL,VERICEL CORP,Health Care,,small,32.56,13.46,0.0448,-0.0204,-0.0405,STRONG_UP,5.34,-26.52,-36.48,-35.8,47.2,45.24,1.1147,MED,-,32.3205,34.8862,36.3414,0,-27.6666,WEAK,2.7618
1476,-2,ZTS,Zoetis,Health Care,Pharmaceuticals,large,117.29,12.31,-0.006,-0.0206,-0.0085,FLAT,-19.56,-27.22,-27.12,-32.7,49.6,25.87,0.4973,LOW,EARLY,117.795,122.9446,135.5513,0,-52.187,WEAK,2.4983
1484,-1,JANX,JANUX THERAPEUTICS INC,Health Care,,small,14.51,5.0,0.0529,0.0596,0.1101,STRONG_DOWN,-38.78,-48.64,-59.55,-64.94,48.8,50.78,0.7734,LOW,-,13.8492,13.7095,20.7344,0,-46.7407,WEAK,2.28
1490,-1,ITGR,INTEGER HOLDINGS CORP,Health Care,,mid,86.44,11.92,-0.0161,0.0532,0.1608,STRONG_DOWN,-16.01,-28.61,-24.59,-50.11,52.8,25.61,0.6102,LOW,SHIFT,85.21,85.7402,92.7191,0,-58.9834,WEAK,2.1495
1495,-2,ZBH,Zimmer Biomet,Health Care,Health Care Equipment,large,91.03,16.92,0.0122,0.0018,0.0738,FLAT,-7.45,-18.24,-27.77,-23.33,52.0,25.1,1.1257,MED,PROGRESS,90.4899,91.7555,94.5464,0,-37.7848,WEAK,2.0605
1512,-2,SGRY,SURGERY PARTNERS INC,Health Care,,small,12.26,5.38,0.023,-0.081,-0.1512,STRONG_UP,-42.13,-47.92,-56.25,-52.01,49.2,47.44,1.1664,MED,-,12.436,13.9766,18.5161,0,-49.6962,WEAK,1.3707
1513,-2,MMSI,MERIT MEDICAL SYSTEMS INC,Health Care,,mid,68.23,10.0,-0.0272,-0.0317,-0.1706,STRONG_UP,-16.87,-36.26,-5.62,-37.68,48.8,32.56,0.9987,LOW,EARLY,69.314,76.0522,83.9186,0,-54.3417,WEAK,1.3308
1519,-2,IART,INTEGRA LIFESCIENCES HOLDINGS CORP,Health Care,,small,9.57,1.92,0.0086,-0.0307,-0.1742,STRONG_UP,-35.03,-56.06,-71.45,-59.14,48.4,45.16,1.1792,MED,-,9.341,10.5184,12.6353,0,-60.0827,WEAK,0.6096
1536,-2,CNMD,CONMED CORP,Health Care,,small,35.53,7.31,-0.0419,-0.1253,-0.0696,FLAT,-24.66,-40.77,-53.27,-44.44,46.8,40.32,0.7189,LOW,-,37.0825,40.2058,45.6537,0,-47.3177,WEAK,-0.562
1539,-2,PBH,PRESTIGE CONSUMER HEALTHCARE INC,Health Care,,mid,57.68,10.38,-0.0564,-0.1167,-0.0097,FLAT,-8.96,-32.95,-17.55,-35.49,46.8,26.72,1.269,MED,EARLY,62.043,64.9552,66.0752,0,-57.7182,WEAK,-0.8529
